33.35137950146622,135.6104480957031,0,32.70505659484853,126.66666666666667,41.870676400014105,133.33333333333331,41.870676400014105,146.66666666666666,32.70505659484853,153.33333333333334,22.492949287972582,146.66666666666666,22.492949287972582,133.33333333333331
-1.150500622870068,-9.233301904296898,0,0,-13.333333333333332,11.469624951364349,-6.666666666666666,11.469624951364349,6.666666666666666,0,13.333333333333332,-11.469624951364336,6.666666666666666,-11.469624951364336,-6.666666666666666
-2.7315738409448347,178.9405262207031,0,-11.469624951364336,-193.33333333333334,0,-186.66666666666666,0,-173.33333333333334,-11.469624951364336,-166.66666666666666,-22.492949287972568,-173.33333333333334,-22.492949287972568,-186.66666666666666
4.6451064186120155,-174.81923940429692,0,11.469624951364349,-193.33333333333334,22.492949287972607,-186.66666666666666,22.492949287972607,-173.33333333333334,11.469624951364349,-166.66666666666666,1.2722218725854067e-14,-173.33333333333334,1.2722218725854067e-14,-186.66666666666666
-23.490737690233317,-158.29580190429692,0,-22.492949287972593,-173.33333333333334,-11.469624951364349,-166.66666666666666,-11.469624951364349,-153.33333333333334,-22.492949287972593,-146.66666666666669,-32.70505659484853,-153.33333333333334,-32.70505659484853,-166.66666666666666
-76.24971820610453,176.3916980957031,0,-77.56429515669195,-193.33333333333334,-74.8171611748047,-186.66666666666666,-74.8171611748047,-173.33333333333334,-77.56429515669195,-166.66666666666666,-79.82086638036286,-173.33333333333334,-79.82086638036286,-186.66666666666666
-85.25233946359653,108.89169809570309,0,-85.44459258668756,106.66666666666661,-84.4289312717818,113.3333333333333,-84.4289312717818,126.66666666666663,-85.44459258668756,133.3333333333333,-86.27541125762194,126.66666666666663,-86.27541125762194,113.3333333333333
-84.8900362156735,-83.7645519042969,0,-85.44459258668756,-93.33333333333334,-84.4289312717818,-86.66666666666667,-84.4289312717818,-73.33333333333334,-85.44459258668756,-66.66666666666667,-86.27541125762194,-73.33333333333334,-86.27541125762194,-86.66666666666667
-47.22500123755036,-102.0458019042969,0,-49.88876303236154,-113.33333333333334,-41.87067640001413,-106.66666666666666,-41.87067640001413,-93.33333333333333,-49.88876303236154,-86.66666666666666,-56.76599911636904,-93.33333333333333,-56.76599911636904,-106.66666666666666
66.684617798596,-87.9833019042969,0,67.44237810333283,-93.33333333333331,71.48066686818822,-86.66666666666664,71.48066686818822,-73.33333333333331,67.44237810333283,-66.66666666666664,62.57937319231052,-73.33333333333331,62.57937319231052,-86.66666666666664
84.64823341488797,-177.9833019042969,0,84.42893127178182,-193.33333333333334,85.44459258668758,-186.66666666666666,85.44459258668758,-173.33333333333334,84.42893127178182,-166.66666666666666,83.18770237147064,-173.33333333333334,83.18770237147064,-186.66666666666666
82.27244849463305,172.87607309570308,0,81.67153816651366,-193.33333333333334,83.1877023714706,-186.66666666666666,83.1877023714706,-173.33333333333334,81.67153816651366,-166.66666666666666,79.82086638036284,-173.33333333333334,79.82086638036284,-186.66666666666666
82.99315605554614,-35.952051904296894,0,83.1877023714706,-53.3333333333333,84.42893127178182,-46.666666666666636,84.42893127178182,-33.33333333333329,83.1877023714706,-26.666666666666625,81.67153816651367,-33.33333333333329,81.67153816651367,-46.666666666666636
76.61704901633043,112.40732309570309,0,74.81716117480471,106.66666666666669,77.56429515669195,113.33333333333334,77.56429515669195,126.66666666666667,74.81716117480471,133.33333333333334,71.48066686818822,126.66666666666667,71.48066686818822,113.33333333333334
75.07094913292545,24.516698095703102,0,77.56429515669195,6.666666666666649,79.82086638036287,13.333333333333313,79.82086638036287,26.66666666666665,77.56429515669195,33.333333333333314,74.81716117480471,26.66666666666665,74.81716117480471,13.333333333333313
42.35263222764025,30.141698095703102,0,41.87067640001413,26.66666666666667,49.88876303236155,33.333333333333336,49.88876303236155,46.66666666666667,41.87067640001413,53.33333333333334,32.70505659484853,46.66666666666667,32.70505659484853,33.333333333333336
-46.7453426931156,61.7823230957031,0,-49.88876303236154,46.66666666666664,-41.87067640001413,53.33333333333331,-41.87067640001413,66.66666666666664,-49.88876303236154,73.33333333333331,-56.76599911636904,66.66666666666664,-56.76599911636904,53.33333333333331
-78.40414562396407,-16.967676904296898,1,-78.36652525170464,-17.777777777777768,-77.56429515669195,-15.555555555555545,-77.56429515669195,-11.111111111111104,-78.36652525170464,-8.88888888888888,-79.11767176735404,-11.111111111111104,-79.11767176735404,-15.555555555555545
-84.73838712095338,119.53125,1,-84.79037346855579,115.55555555555563,-84.4289312717818,117.77777777777784,-84.4289312717818,122.22222222222229,-84.79037346855579,124.4444444444445,-85.12842640497868,122.22222222222229,-85.12842640497868,117.77777777777784
-85.01376874698711,177.0948230957031,1,-85.12842640497868,-184.44444444444446,-84.79037346855579,-182.22222222222223,-84.79037346855579,-177.77777777777777,-85.12842640497868,-175.55555555555554,-85.44459258668756,-177.77777777777777,-85.44459258668756,-182.22222222222223
-75.40885422846453,-175.78125,1,-74.81716117480471,-177.77777777777777,-73.77576820917598,-175.55555555555554,-73.77576820917598,-171.1111111111111,-74.81716117480471,-168.88888888888886,-75.79318460548843,-171.1111111111111,-75.79318460548843,-175.55555555555554
-77.91566898632583,175.78125,1,-78.36652525170466,168.88888888888889,-77.56429515669198,171.11111111111111,-77.56429515669198,175.55555555555557,-78.36652525170466,177.7777777777778,-79.11767176735405,175.55555555555557,-79.11767176735405,171.11111111111111
-51.39920565355377,59.0625,1,-49.88876303236154,55.555555555555564,-47.344970082046466,57.777777777777786,-47.344970082046466,62.22222222222223,-49.88876303236154,64.44444444444446,-52.30522167274754,62.22222222222223,-52.30522167274754,57.777777777777786
-12.476571162995887,-175.87392690429692,1,-15.214003464478495,-177.7777777777778,-11.469624951364336,-175.55555555555557,-11.469624951364336,-171.11111111111111,-15.214003464478495,-168.88888888888889,-18.893018349588207,-171.11111111111111,-18.893018349588207,-175.55555555555557
-15.28418511407642,174.375,1,-15.214003464478509,168.88888888888889,-11.469624951364349,171.11111111111111,-11.469624951364349,175.55555555555557,-15.214003464478509,177.7777777777778,-18.89301834958822,175.55555555555557,-18.89301834958822,171.11111111111111
7.092954137951323,178.5010730957031,1,3.846110061441703,-184.44444444444446,7.674947601297857,-182.22222222222223,7.674947601297857,-177.77777777777777,3.846110061441703,-175.55555555555554,0,-177.77777777777777,0,-182.22222222222223
15.361236013307861,-177.28017690429692,1,15.214003464478509,-177.7777777777778,18.89301834958822,-175.55555555555557,18.89301834958822,-171.11111111111111,15.214003464478509,-168.88888888888889,11.469624951364349,-171.11111111111111,11.469624951364349,-175.55555555555557
-16.63619187839765,-161.71875,1,-15.214003464478482,-164.44444444444449,-11.469624951364324,-162.22222222222226,-11.469624951364324,-157.77777777777777,-15.214003464478482,-155.55555555555557,-18.893018349588207,-157.77777777777777,-18.893018349588207,-162.22222222222226
-7.01366792756663,-1.40625,1,-7.674947601297857,-4.444444444444445,-3.846110061441716,-2.2222222222222223,-3.846110061441716,2.2222222222222223,-7.674947601297857,4.444444444444445,-11.469624951364349,2.2222222222222223,-11.469624951364349,-2.2222222222222223
-51.618016548773696,-97.03125,1,-52.30522167274754,-97.77777777777777,-49.88876303236154,-95.55555555555556,-49.88876303236154,-91.1111111111111,-52.30522167274754,-88.88888888888889,-54.596635808524155,-91.1111111111111,-54.596635808524155,-95.55555555555556
31.95216223802497,140.625,1,32.70505659484853,135.55555555555557,35.884127591325736,137.77777777777777,35.884127591325736,142.22222222222223,32.70505659484853,144.44444444444443,29.408570226838556,142.22222222222223,29.408570226838556,137.77777777777777
38.88480596176492,39.2823230957031,1,35.884127591325765,35.55555555555557,38.940540734971115,37.77777777777779,38.940540734971115,42.22222222222223,35.884127591325765,44.444444444444464,32.70505659484853,42.22222222222223,32.70505659484853,37.77777777777779
70.61261423801925,-87.1875,1,71.48066686818822,-91.11111111111114,72.66499543780752,-88.88888888888893,72.66499543780752,-84.44444444444446,71.48066686818822,-82.22222222222224,70.2184522534529,-84.44444444444446,70.2184522534529,-88.88888888888893
65.94647177615738,-77.34375,1,65.91926751325443,-77.7777777777778,67.44237810333286,-75.55555555555557,67.44237810333286,-71.11111111111113,65.91926751325443,-68.8888888888889,64.29983703492248,-71.11111111111113,64.29983703492248,-75.55555555555557
76.51681887717322,18.28125,1,75.79318460548843,15.555555555555538,76.70767578319376,17.77777777777776,76.70767578319376,22.222222222222207,75.79318460548843,24.44444444444442,74.81716117480468,22.222222222222207,74.81716117480468,17.77777777777776
79.44701237483491,18.188573095703102,1,79.11767176735405,15.555555555555538,79.82086638036287,17.77777777777776,79.82086638036287,22.222222222222207,79.11767176735405,24.44444444444442,78.36652525170466,22.222222222222207,78.36652525170466,17.77777777777776
82.12933120948381,-33.842676904296894,1,81.67153816651366,-37.77777777777779,82.21092409907187,-35.55555555555557,82.21092409907187,-31.111111111111118,81.67153816651366,-28.888888888888903,81.09508214542123,-31.111111111111118,81.09508214542123,-35.55555555555557
84.26717240431665,178.59375,1,84.42893127178182,-184.44444444444446,84.79037346855583,-182.22222222222223,84.79037346855583,-177.77777777777777,84.42893127178182,-175.55555555555554,84.04249697340167,-177.77777777777777,84.04249697340167,-182.22222222222223
83.52016238353204,174.375,1,83.1877023714706,168.88888888888889,83.62936132439059,171.11111111111111,83.62936132439059,175.55555555555557,83.1877023714706,177.7777777777778,82.7155789635238,175.55555555555557,82.7155789635238,171.11111111111111
81.30832090051811,172.96875,1,81.09508214542126,168.88888888888889,81.67153816651366,171.11111111111111,81.67153816651366,175.55555555555557,81.09508214542126,177.7777777777778,80.47907085748827,175.55555555555557,80.47907085748827,171.11111111111111
81.09321385260837,-171.5625,1,81.09508214542126,-177.7777777777778,81.67153816651366,-175.55555555555557,81.67153816651366,-171.11111111111111,81.09508214542126,-168.88888888888889,80.47907085748827,-171.11111111111111,80.47907085748827,-175.55555555555557
74.4021625984244,119.53125,1,74.81716117480471,115.55555555555557,75.79318460548843,117.77777777777779,75.79318460548843,122.22222222222224,74.81716117480471,124.44444444444446,73.775768209176,122.22222222222224,73.775768209176,117.77777777777779
0.07989077839459471,-61.967676904296894,1,3.846110061441703,-64.44444444444446,7.674947601297857,-62.22222222222223,7.674947601297857,-57.77777777777779,3.846110061441703,-55.555555555555564,0,-57.77777777777779,0,-62.22222222222223
-84.54136107313407,-77.34375,1,-84.79037346855579,-84.44444444444436,-84.4289312717818,-82.22222222222214,-84.4289312717818,-77.7777777777777,-84.79037346855579,-75.55555555555549,-85.12842640497868,-77.7777777777777,-85.12842640497868,-82.22222222222214
-85.05112877980659,130.78125,2,-85.12842640497868,129.62962962962965,-85.0182461528016,130.37037037037038,-85.0182461528016,131.85185185185185,-85.12842640497868,132.59259259259258,-85.23617557307783,131.85185185185185,-85.23617557307783,130.37037037037038
-85.04423207151001,111.00107309570309,2,-85.01824615280158,109.62962962962963,-84.90558038211425,110.37037037037037,-84.90558038211425,111.85185185185185,-85.01824615280158,112.59259259259258,-85.12842640497867,111.85185185185185,-85.12842640497867,110.37037037037037
-84.94383661482844,-178.505859375,2,-85.0182461528016,-179.2592592592593,-84.90558038211425,-178.51851851851856,-84.90558038211425,-177.03703703703704,-85.0182461528016,-176.29629629629633,-85.12842640497868,-177.03703703703704,-85.12842640497868,-178.51851851851856
-84.92125351985577,177.5342762207031,2,-85.01824615280158,176.2962962962963,-84.90558038211425,177.037037037037,-84.90558038211425,178.51851851851853,-85.01824615280158,179.25925925925924,-85.12842640497867,178.51851851851853,-85.12842640497867,177.037037037037
-79.23718500609334,-174.7265625,2,-79.11767176735404,-177.03703703703704,-78.87276869499289,-176.29629629629633,-78.87276869499289,-174.8148148148148,-79.11767176735404,-174.0740740740741,-79.3572482500017,-174.8148148148148,-79.3572482500017,-176.29629629629633
-78.61424480931518,174.2823230957031,2,-78.62242518007727,174.07407407407405,-78.36652525170466,174.81481481481475,-78.36652525170466,176.29629629629628,-78.62242518007727,177.03703703703698,-78.87276869499289,176.29629629629628,-78.87276869499289,174.81481481481475
-27.059125784374054,-157.5,2,-26.001626863364294,-159.25925925925924,-24.842889690285087,-158.5185185185185,-24.842889690285087,-157.037037037037,-26.001626863364294,-156.29629629629628,-27.149045697502466,-157.037037037037,-27.149045697502466,-158.5185185185185
-47.989921667414166,52.03125,2,-48.20715710294776,49.629629629629626,-47.34497008204645,50.370370370370374,-47.34497008204645,51.85185185185185,-48.20715710294776,52.592592592592595,-49.055070190505965,51.85185185185185,-49.055070190505965,50.370370370370374
-11.178401873711772,-178.59375,2,-10.209543472783322,-179.25925925925924,-8.944451331547656,-178.51851851851853,-8.944451331547656,-177.037037037037,-10.209543472783322,-176.2962962962963,-11.469624951364349,-177.037037037037,-11.469624951364349,-178.51851851851853
-8.328127830560586,175.6885730957031,2,-8.944451331547643,174.07407407407405,-7.674947601297819,174.8148148148148,-7.674947601297819,176.2962962962963,-8.944451331547643,177.037037037037,-10.209543472783285,176.2962962962963,-10.209543472783285,174.8148148148148
7.092954137951794,179.9073230957031,2,6.40164208700373,-181.48148148148147,7.674947601297857,-180.74074074074076,7.674947601297857,-179.25925925925924,6.40164208700373,-178.51851851851853,5.125153913926198,-179.25925925925924,5.125153913926198,-180.74074074074076
6.918485343601025,-165.50283315429692,2,6.40164208700373,-168.14814814814815,7.674947601297857,-167.40740740740742,7.674947601297857,-165.92592592592592,6.40164208700373,-165.1851851851852,5.125153913926198,-165.92592592592592,5.125153913926198,-167.40740740740742
19.476950206488414,173.408203125,2,20.10241692335465,171.85185185185188,21.302544331214524,172.59259259259258,21.302544331214524,174.0740740740741,20.10241692335465,174.8148148148148,18.893018349588232,174.0740740740741,18.893018349588232,172.59259259259258
35.239085491966435,137.0166980957031,2,35.884127591325765,136.29629629629633,36.91677166761405,137.03703703703707,36.91677166761405,138.51851851851853,35.884127591325765,139.2592592592593,34.8378414723136,138.51851851851853,34.8378414723136,137.03703703703707
22.34267675373961,128.5791980957031,2,22.492949287972607,127.4074074074074,23.67320101101635,128.14814814814815,23.67320101101635,129.62962962962962,22.492949287972607,130.37037037037035,21.302544331214538,129.62962962962962,21.302544331214538,128.14814814814815
42.87010132809042,142.6416980957031,2,43.75284033840225,140.74074074074076,44.67241139341944,141.4814814814815,44.67241139341944,142.96296296296296,43.75284033840225,143.7037037037037,42.818919321297656,142.96296296296296,42.818919321297656,141.4814814814815
40.97989806962013,45.703125,2,40.90815563334032,45.185185185185176,41.87067640001413,45.925925925925924,41.87067640001413,47.407407407407405,40.90815563334032,48.14814814814815,39.93141773898915,47.407407407407405,39.93141773898915,45.925925925925924
36.03133177633187,38.671875,2,35.884127591325765,38.518518518518526,36.91677166761405,39.25925925925927,36.91677166761405,40.74074074074074,35.884127591325765,41.48148148148149,34.8378414723136,40.74074074074074,34.8378414723136,39.25925925925927
40.97989806962013,33.046875,2,40.90815563334032,31.851851851851862,41.87067640001413,32.5925925925926,41.87067640001413,34.07407407407408,40.90815563334032,34.814814814814824,39.93141773898915,34.07407407407408,39.93141773898915,32.5925925925926
-12.133085454027368,-0.09267690429689779,2,-12.72410877326099,-1.4814814814814816,-11.469624951364336,-0.7407407407407408,-11.469624951364336,0.7407407407407408,-12.72410877326099,1.4814814814814816,-13.972421302631078,0.7407407407407408,-13.972421302631078,-0.7407407407407408
3.5134210456400443,-4.921875,2,2.5651438499496133,-5.9259259259259265,3.846110061441703,-5.185185185185186,3.846110061441703,-3.703703703703704,2.5651438499496133,-2.9629629629629637,1.282893389599347,-3.703703703703704,1.282893389599347,-5.185185185185186
4.214943141390651,-59.765625,2,3.846110061441703,-61.48148148148149,5.125153913926198,-60.74074074074075,5.125153913926198,-59.25925925925927,3.846110061441703,-58.51851851851852,2.5651438499496133,-59.25925925925927,2.5651438499496133,-60.74074074074075
-51.618016548773696,-105.46875,2,-51.51375829311736,-105.92592592592592,-50.708300561511415,-105.18518518518519,-50.708300561511415,-103.70370370370371,-51.51375829311736,-102.96296296296298,-52.30522167274756,-103.70370370370371,-52.30522167274756,-105.18518518518519
-51.618016548773696,-93.515625,2,-52.30522167274754,-94.81481481481481,-51.51375829311735,-94.07407407407406,-51.51375829311735,-92.5925925925926,-52.30522167274754,-91.85185185185185,-53.08278543788082,-92.5925925925926,-53.08278543788082,-94.07407407407406
-44.28239868260753,-95.7176769042969,2,-44.67241139341944,-97.03703703703704,-43.75284033840225,-96.2962962962963,-43.75284033840225,-94.81481481481482,-44.67241139341944,-94.07407407407409,-45.57761975877086,-94.81481481481482,-45.57761975877086,-96.2962962962963
-17.30868788677002,-167.34375,2,-16.448311865961884,-168.1481481481481,-15.214003464478482,-167.4074074074074,-15.214003464478482,-165.92592592592587,-16.448311865961884,-165.18518518518516,-17.674819831740688,-165.92592592592587,-17.674819831740688,-167.4074074074074
81.5816722445285,-165.3270519042969,2,81.48362471150257,-165.92592592592592,81.67153816651363,-165.1851851851852,81.67153816651363,-163.70370370370367,81.48362471150257,-162.96296296296296,81.29150337662202,-163.70370370370367,81.29150337662202,-165.1851851851852
83.72428346705478,-177.9833019042969,2,83.77015010087217,-179.25925925925924,83.90783949954074,-178.51851851851853,83.90783949954074,-177.037037037037,83.77015010087217,-176.2962962962963,83.6293613243906,-177.037037037037,83.6293613243906,-178.51851851851853
84.44784177073191,176.39169809570308,2,84.42893127178182,174.0740740740741,84.55210762141158,174.8148148148148,84.55210762141158,176.29629629629633,84.42893127178182,177.03703703703704,84.30297889751692,176.29629629629633,84.30297889751692,174.8148148148148
80.4157074446218,175.78125,2,80.47907085748827,174.0740740740741,80.68896260435838,174.8148148148148,80.68896260435838,176.29629629629633,80.47907085748827,177.03703703703704,80.26449228783778,176.29629629629633,80.26449228783778,174.8148148148148
82.45925547160363,-35.952051904296894,2,82.55108111056764,-37.03703703703702,82.71557896352377,-36.29629629629627,82.71557896352377,-34.81481481481479,82.55108111056764,-34.07407407407405,82.38288996877183,-34.81481481481479,82.38288996877183,-36.29629629629627
84.64823341488803,-51.420801904296894,2,84.67256857383902,-52.592592592592595,84.79037346855577,-51.85185185185185,84.79037346855577,-50.370370370370374,84.67256857383902,-49.629629629629626,84.55210762141155,-50.370370370370374,84.55210762141155,-51.85185185185185
85.03524922742024,90.0831043457031,2,85.0182461528016,87.40740740740738,85.12842640497865,88.14814814814811,85.12842640497865,89.62962962962959,85.0182461528016,90.37037037037032,84.90558038211422,89.62962962962959,84.90558038211422,88.14814814814811
85.0511287798066,179.912109375,2,85.12842640497868,-181.48148148148147,85.23617557307784,-180.74074074074076,85.23617557307784,-179.25925925925924,85.12842640497868,-178.51851851851853,85.0182461528016,-179.25925925925924,85.0182461528016,-180.74074074074076
84.5162211763226,-177.275390625,2,84.55210762141155,-179.25925925925924,84.67256857383902,-178.51851851851853,84.67256857383902,-177.037037037037,84.55210762141155,-176.2962962962963,84.42893127178179,-177.037037037037,84.42893127178179,-178.51851851851853
83.163581025311,171.826171875,2,83.03381226166323,169.62962962962968,83.1877023714706,170.37037037037038,83.1877023714706,171.8518518518519,83.03381226166323,172.59259259259264,82.87646330159798,171.8518518518519,82.87646330159798,170.37037037037038
73.52839948765174,119.1796875,2,73.41342238844588,118.51851851851856,73.77576820917602,119.2592592592593,73.77576820917602,120.74074074074078,73.41342238844588,121.48148148148151,73.0432163690016,120.74074074074078,73.0432163690016,119.2592592592593
78.56048828398782,10.8984375,2,78.62242518007727,9.629629629629624,78.87276869499289,10.370370370370363,78.87276869499289,11.851851851851846,78.62242518007727,12.592592592592585,78.36652525170466,11.851851851851846,78.36652525170466,10.370370370370363
75.84516854027044,21.09375,2,75.79318460548843,18.518518518518533,76.10466749263215,19.259259259259274,76.10466749263215,20.740740740740755,75.79318460548843,21.481481481481495,75.47486625968618,20.740740740740755,75.47486625968618,19.259259259259274
76.59669080369527,33.3936512207031,2,76.40945269309518,31.851851851851862,76.70767578319376,32.5925925925926,76.70767578319376,34.07407407407408,76.40945269309518,34.814814814814824,76.10466749263215,34.07407407407408,76.10466749263215,32.5925925925926
66.65297740055279,-80.859375,2,66.43743994246996,-81.48148148148145,66.94508519873926,-80.74074074074072,66.94508519873926,-79.25925925925924,66.43743994246996,-78.5185185185185,65.9192675132544,-79.25925925925924,65.9192675132544,-80.74074074074072
47.98456741915722,-108.2860362792969,2,48.20715710294777,-110.37037037037032,49.05507019050599,-109.62962962962959,49.05507019050599,-108.14814814814811,48.20715710294777,-107.40740740740738,47.344970082046466,-108.14814814814811,47.344970082046466,-109.62962962962959
-25.4901725033649,-1.0594737792969227,2,-24.842889690285077,-1.4814814814814816,-23.673201011016324,-0.7407407407407408,-23.673201011016324,0.7407407407407408,-24.842889690285077,1.4814814814814816,-26.00162686336428,0.7407407407407408,-26.00162686336428,-0.7407407407407408
-85.05112877980659,-82.96875,2,-85.12842640497868,-83.7037037037037,-85.0182461528016,-82.96296296296296,-85.0182461528016,-81.48148148148148,-85.12842640497868,-80.74074074074075,-85.23617557307783,-81.48148148148148,-85.23617557307783,-82.96296296296296
-85.05112877980659,128.3203125,3,-85.055246359875,127.65432098765432,-85.01824615280158,127.90123456790124,-85.01824615280158,128.39506172839506,-85.055246359875,128.64197530864197,-85.09197243860311,128.39506172839506,-85.09197243860311,127.90123456790124
-85.06248881025151,179.3408203125,3,-85.09197243860311,178.76543209876547,-85.05524635987499,179.01234567901238,-85.05524635987499,179.50617283950618,-85.09197243860311,179.7530864197531,-85.12842640497867,179.50617283950618,-85.12842640497867,179.01234567901238
-85.03784245526992,179.23095703125,3,-85.0182461528016,178.7654320987654,-84.98096978679811,179.0123456790123,-84.98096978679811,179.50617283950612,-85.0182461528016,179.75308641975303,-85.05524635987501,179.50617283950612,-85.05524635987501,179.0123456790123
-84.96579544427098,-177.28017690429692,3,-84.98096978679811,-177.53086419753083,-84.94341521658991,-177.28395061728392,-84.94341521658991,-176.7901234567901,-84.98096978679811,-176.5432098765432,-85.0182461528016,-176.7901234567901,-85.0182461528016,-177.28395061728392
-84.95930495623834,-70.83984375,3,-84.94341521658991,-71.60493827160495,-84.90558038211425,-71.35802469135804,-84.90558038211425,-70.8641975308642,-84.94341521658991,-70.61728395061729,-84.98096978679811,-70.8641975308642,-84.98096978679811,-71.35802469135804
-85.06626970363817,-82.177734375,3,-85.055246359875,-82.71604938271602,-85.01824615280158,-82.46913580246911,-85.01824615280158,-81.97530864197529,-85.055246359875,-81.72839506172838,-85.09197243860311,-81.97530864197529,-85.09197243860311,-82.46913580246911
-78.4905516616031,-12.12890625,3,-78.53774837153644,-12.345679012345652,-78.45244985349132,-12.09876543209874,-78.45244985349132,-11.604938271604912,-78.53774837153644,-11.358024691357997,-78.62242518007727,-11.604938271604912,-78.62242518007727,-12.09876543209874
-76.55774293896553,175.4296875,3,-76.60898893146053,175.06172839506172,-76.5095828813868,175.30864197530863,-76.5095828813868,175.80246913580245,-76.60898893146053,176.04938271604937,-76.70767578319378,175.80246913580245,-76.70767578319378,175.30864197530863
-75.53762333496856,-175.41250112304692,3,-75.58174046495694,-176.0493827160494,-75.4748662596862,-175.80246913580248,-75.4748662596862,-175.30864197530866,-75.58174046495694,-175.06172839506178,-75.68784485230634,-175.30864197530866,-75.68784485230634,-175.80246913580248
-49.382372787009544,64.6875,3,-49.33454485016383,63.9506172839506,-49.055070190506,64.19753086419752,-49.055070190506,64.69135802469134,-49.33454485016383,64.93827160493827,-49.61244166156359,64.69135802469134,-49.61244166156359,64.19753086419752
-0.7031073524364783,0.703125,3,-0.4276628949350651,0.2469135802469136,1.2722218725854067e-14,0.4938271604938272,1.2722218725854067e-14,0.9876543209876544,-0.4276628949350651,1.2345679012345678,-0.8553019644096527,0.9876543209876544,-0.8553019644096527,0.4938271604938272
-10.487811882056683,0,3,-10.20954347278331,-0.4938271604938272,-9.788373484672126,-0.2469135802469136,-9.788373484672126,0.2469135802469136,-10.20954347278331,0.4938271604938272,-10.630156621104387,0.2469135802469136,-10.630156621104387,-0.2469135802469136
-47.5172006978394,-109.6875,3,-47.344970082046466,-110.12345679012346,-47.0543948474294,-109.87654320987653,-47.0543948474294,-109.38271604938272,-47.344970082046466,-109.1358024691358,-47.63395457931014,-109.38271604938272,-47.63395457931014,-109.87654320987653
-15.28418511407642,-166.640625,3,-15.626274156012219,-167.16049382716054,-15.214003464478495,-166.91358024691363,-15.214003464478495,-166.41975308641983,-15.626274156012219,-166.17283950617292,-16.037716793302444,-166.41975308641983,-16.037716793302444,-166.91358024691363
-12.197523144307803,179.66562387695296,3,-12.306605159163768,-180.49382716049382,-11.8884368016234,-180.2469135802469,-11.8884368016234,-179.7530864197531,-12.306605159163768,-179.50617283950618,-12.72410877326099,-179.7530864197531,-12.72410877326099,-180.2469135802469
-11.509395970397813,-172.60000112304704,3,-11.469624951364336,-173.08641975308637,-11.0501910292264,-172.83950617283946,-11.0501910292264,-172.34567901234567,-11.469624951364336,-172.09876543209876,-11.888436801623387,-172.34567901234567,-11.888436801623387,-172.83950617283946
6.678485780144587,-173.30312612304704,3,6.826461637179052,-173.82716049382717,7.250904454145036,-173.58024691358025,7.250904454145036,-173.08641975308643,6.826461637179052,-172.83950617283952,6.40164208700373,-173.08641975308643,6.40164208700373,-173.58024691358025
4.214943141390651,177.1875,3,3.846110061441703,176.5432098765432,4.272702996389564,176.7901234567901,4.272702996389564,177.28395061728392,3.846110061441703,177.53086419753083,3.419303491595725,177.28395061728392,3.419303491595725,176.7901234567901
34.02782288983624,137.47812387695296,3,33.77808654808931,137.28395061728395,34.132823189048516,137.5308641975309,34.132823189048516,138.02469135802468,33.77808654808931,138.27160493827162,33.42187473158113,138.02469135802468,33.42187473158113,137.5308641975309
22.59372606392931,128.49609375,3,22.492949287972607,128.39506172839506,22.887515339138,128.64197530864197,22.887515339138,129.1358024691358,22.492949287972607,129.3827160493827,22.097254927012923,129.1358024691358,22.097254927012923,128.64197530864197
44.33956524809713,142.294921875,3,44.367483242312936,141.7283950617284,44.67241139341944,141.97530864197532,44.67241139341944,142.46913580246914,44.367483242312936,142.71604938271608,44.06095940110897,142.46913580246914,44.06095940110897,141.97530864197532
40.04443758460856,135.52734375,3,40.25857226491307,135.06172839506175,40.58415252536361,135.30864197530866,40.58415252536361,135.80246913580248,40.25857226491307,136.04938271604942,39.93141773898912,135.80246913580248,39.93141773898912,135.30864197530866
39.095962936305476,45.3515625,3,38.940540734971115,44.69135802469137,39.2723985350746,44.938271604938286,39.2723985350746,45.432098765432116,38.940540734971115,45.679012345679034,38.60712243010713,45.432098765432116,38.60712243010713,44.938271604938286
46.08292326673606,33.239842626952964,3,45.87616409528786,32.83950617283952,46.17311309793088,33.08641975308643,46.17311309793088,33.58024691358026,45.87616409528786,33.82716049382717,45.57761975877087,33.58024691358026,45.57761975877087,33.08641975308643
7.710991655433229,4.21875,3,7.674947601297857,3.950617283950617,8.098568251232146,4.19753086419753,8.098568251232146,4.6913580246913575,7.674947601297857,4.938271604938271,7.250904454145048,4.6913580246913575,7.250904454145048,4.19753086419753
-3.513421045640032,-7.734375,3,-3.419303491595713,-7.901234567901235,-2.9923068743589094,-7.654320987654322,-2.9923068743589094,-7.160493827160495,-3.419303491595713,-6.913580246913581,-3.8461100614416903,-7.160493827160495,-3.8461100614416903,-7.654320987654322
2.8113711933311403,-59.4140625,3,2.5651438499496133,-59.75308641975307,2.992306874358935,-59.506172839506156,2.992306874358935,-59.01234567901233,2.5651438499496133,-58.765432098765416,2.1378381047865367,-59.01234567901233,2.1378381047865367,-59.506172839506156
27.695900709062915,-115.47109487304704,3,27.90753234300438,-116.04938271604937,28.28480118098094,-115.80246913580245,28.28480118098094,-115.30864197530862,27.90753234300438,-115.06172839506172,27.528943193090925,-115.30864197530862,27.528943193090925,-115.80246913580245
67.7427590666639,-84.7265625,3,67.7682415504757,-84.93827160493828,67.92949306543798,-84.69135802469135,67.92949306543798,-84.19753086419755,67.7682415504757,-83.95061728395062,67.60587204252583,-84.19753086419755,67.60587204252583,-84.69135802469135
67.06743335108298,-74.1796875,3,67.11199113847321,-74.56790123456793,67.27775328655359,-74.32098765432102,67.27775328655359,-73.82716049382718,67.11199113847321,-73.58024691358027,66.94508519873929,-73.82716049382718,66.94508519873929,-74.32098765432102
77.07878389624943,23.90625,3,77.09532905324006,23.209876543209884,77.19049306047107,23.456790123456795,77.19049306047107,23.95061728395062,77.09532905324006,24.19753086419753,76.99947013952955,23.95061728395062,76.99947013952955,23.456790123456795
78.56325923135681,18.122655126952964,3,78.53774837153645,17.28395061728394,78.62242518007727,17.530864197530853,78.62242518007727,18.02469135802468,78.53774837153645,18.27160493827159,78.45244985349133,18.02469135802468,78.45244985349133,17.530864197530853
83.599030708362,-33.046875,3,83.62936132439059,-33.82716049382717,83.67663951477006,-33.58024691358026,83.67663951477006,-33.08641975308643,83.62936132439059,-32.83950617283952,83.58173111555247,-33.08641975308643,83.58173111555247,-33.58024691358026
83.55971676457146,-49.921875,3,83.53374630039932,-50.123456790123434,83.58173111555244,-49.876543209876516,83.58173111555244,-49.38271604938269,83.53374630039932,-49.13580246913577,83.48540427279943,-49.38271604938269,83.48540427279943,-49.876543209876516
85.04354094565655,89.2529296875,3,85.05524635987501,89.13580246913584,85.09197243860316,89.38271604938276,85.09197243860316,89.87654320987657,85.05524635987501,90.12345679012351,85.01824615280162,89.87654320987657,85.01824615280162,89.38271604938276
84.9785740239428,179.6484375,3,84.98096978679811,-180.49382716049382,85.01824615280162,-180.2469135802469,85.01824615280162,-179.7530864197531,84.98096978679811,-179.50617283950618,84.94341521658995,-179.7530864197531,84.94341521658995,-180.2469135802469
84.5162211763226,175.2978515625,3,84.51135351620655,175.0617283950617,84.55210762141158,175.3086419753086,84.55210762141158,175.80246913580243,84.51135351620655,176.04938271604934,84.47029548144874,175.80246913580243,84.47029548144874,175.3086419753086
84.55521389397988,-177.52187612304704,3,84.55210762141155,-178.2716049382716,84.5925600264163,-178.02469135802468,84.5925600264163,-177.53086419753086,84.55210762141155,-177.28395061728395,84.51135351620654,-177.53086419753086,84.51135351620654,-178.02469135802468
83.70109641601667,-176.748046875,3,83.72356825638371,-177.53086419753083,83.77015010087214,-177.28395061728392,83.77015010087214,-176.7901234567901,83.72356825638371,-176.5432098765432,83.67663951477003,-176.7901234567901,83.67663951477003,-177.28395061728392
83.27255896509399,173.5400390625,3,83.28841126938276,172.83950617283952,83.3382085775188,173.08641975308643,83.3382085775188,173.58024691358025,83.28841126938276,173.82716049382717,83.23824344008183,173.58024691358025,83.23824344008183,173.08641975308643
70.64639982680607,97.70761606445296,3,70.50590211456444,97.28395061728396,70.64811764922537,97.53086419753086,70.64811764922537,98.02469135802468,70.50590211456444,98.27160493827161,70.3626823791612,98.02469135802468,70.3626823791612,97.53086419753086
-85.05870502661288,-76.46484375,4,-85.06751874496823,-76.70781893004117,-85.05524635987499,-76.6255144032922,-85.05524635987499,-76.46090534979426,-85.06751874496823,-76.37860082304529,-85.07976074632226,-76.46090534979426,-85.07976074632226,-76.6255144032922
-85.0283304449441,-75.9375,4,-85.03061013890785,-75.96707818930042,-85.01824615280158,-75.88477366255144,-85.01824615280158,-75.7201646090535,-85.03061013890785,-75.63786008230454,-85.04294351619683,-75.7201646090535,-85.04294351619683,-75.88477366255144
-85.04354094565655,177.978515625,4,-85.055246359875,177.86008230452677,-85.04294351619683,177.94238683127574,-85.04294351619683,178.10699588477368,-85.055246359875,178.18930041152265,-85.06751874496823,178.10699588477368,-85.06751874496823,177.94238683127574
-84.87239245838492,-177.47793081054706,4,-84.8802004327088,-177.6954732510288,-84.86746320842148,-177.61316872427983,-84.86746320842148,-177.4485596707819,-84.8802004327088,-177.36625514403292,-84.8929061314715,-177.4485596707819,-84.8929061314715,-177.61316872427983
-77.595847144363,-170.62246206054706,4,-77.62554318233262,-170.78189300411526,-77.5949563773154,-170.69958847736626,-77.5949563773154,-170.53497942386835,-77.62554318233262,-170.45267489711938,-77.65605574365662,-170.53497942386835,-77.65605574365662,-170.69958847736626
-78.34941069014627,171.5625,4,-78.3377438281995,171.440329218107,-78.3088921874373,171.52263374485597,-78.3088921874373,171.6872427983539,-78.3377438281995,171.76954732510288,-78.36652525170464,171.6872427983539,-78.36652525170464,171.52263374485597
-47.989921667414166,64.6875,4,-47.921349736335465,64.5267489711934,-47.8257278514634,64.60905349794237,-47.8257278514634,64.77366255144031,-47.921349736335465,64.85596707818928,-48.01679519881671,64.77366255144031,-48.01679519881671,64.60905349794237
-78.9039293885709,-16.875,4,-78.92765772010968,-16.95473251028808,-78.90024671072285,-16.872427983539108,-78.90024671072285,-16.707818930041167,-78.92765772010968,-16.625514403292197,-78.95500188029274,-16.707818930041167,-78.95500188029274,-16.872427983539108
-55.321195006419345,-104.52871206054704,4,-55.25198365527732,-104.60905349794238,-55.17064838380474,-104.52674897119343,-55.17064838380474,-104.36213991769547,-55.25198365527732,-104.27983539094652,-55.333152818103436,-104.36213991769547,-55.333152818103436,-104.52674897119343
-45.08903556483102,-95.625,4,-45.076499610651716,-95.72016460905348,-44.975743569527495,-95.63786008230451,-44.975743569527495,-95.47325102880659,-45.076499610651716,-95.39094650205762,-45.177078308765644,-95.47325102880659,-45.177078308765644,-95.63786008230451
-23.241346102386135,-160.3125,4,-23.149924898842006,-160.41152263374488,-23.018783944465525,-160.32921810699588,-23.018783944465525,-160.16460905349797,-23.149924898842006,-160.082304526749,-23.28093764005016,-160.16460905349797,-23.28093764005016,-160.32921810699588
-11.178401873711772,170.15625,4,-11.190070126580682,169.95884773662553,-11.0501910292264,170.0411522633745,-11.0501910292264,170.2057613168724,-11.190070126580682,170.2880658436214,-11.329881700459609,170.2057613168724,-11.329881700459609,170.0411522633745
-1.4061088354351594,-177.1875,4,-1.425409161993565,-177.44855967078186,-1.282893389599347,-177.3662551440329,-1.282893389599347,-177.20164609053495,-1.425409161993565,-177.11934156378598,-1.5679161141021274,-177.20164609053495,-1.5679161141021274,-177.3662551440329
17.97873309555617,-172.96875,4,17.946266278655543,-173.0041152263375,18.081833887058536,-172.92181069958852,18.081833887058536,-172.75720164609058,17.946266278655543,-172.6748971193416,17.810594699697443,-172.75720164609058,17.810594699697443,-172.92181069958852
11.178401873711785,174.375,4,11.050191029226413,174.156378600823,11.190070126580682,174.23868312757196,11.190070126580682,174.4032921810699,11.050191029226413,174.48559670781887,10.91024520989115,174.4032921810699,10.91024520989115,174.23868312757196
-50.736455137010644,63.28125,4,-50.70830056151141,63.04526748971193,-50.617937603981495,63.12757201646091,-50.617937603981495,63.29218106995885,-50.70830056151141,63.37448559670782,-50.798489684291724,63.29218106995885,-50.798489684291724,63.12757201646091
-10.387634030186756,5.158787939452964,4,-10.34981081126957,5.020576131687241,-10.20954347278331,5.102880658436212,-10.20954347278331,5.267489711934154,-10.34981081126957,5.349794238683125,-10.49001546442605,5.267489711934154,-10.49001546442605,5.102880658436212
3.6150874592425724,-0.46621206054703634,4,3.7038637783779045,-0.6584362139917691,3.846110061441678,-0.576131687242798,3.846110061441678,-0.4115226337448555,3.7038637783779045,-0.32921810699588433,3.561594630549902,-0.4115226337448555,3.561594630549902,-0.576131687242798
0,-60.46875,4,-0.14255547494135815,-60.65843621399178,1.2722218725854067e-14,-60.57613168724281,1.2722218725854067e-14,-60.411522633744866,-0.14255547494135815,-60.32921810699589,-0.2851100674036353,-60.411522633744866,-0.2851100674036353,-60.57613168724281
35.460669951495305,45,4,35.420785913410434,44.77366255144033,35.536873197197956,44.8559670781893,35.536873197197956,45.020576131687235,35.420785913410434,45.10288065843623,35.30453110829058,45.020576131687235,35.30453110829058,44.8559670781893
70.61261423801925,-82.96875,4,70.60082366755294,-83.12757201646086,70.64811764922543,-83.04526748971189,70.64811764922543,-82.88065843621395,70.60082366755294,-82.79835390946498,70.55341856551838,-82.88065843621395,70.55341856551838,-83.04526748971189
81.09321385260837,-177.1875,4,81.09508214542126,-177.44855967078186,81.11712196989576,-177.3662551440329,81.11712196989576,-177.20164609053495,81.09508214542126,-177.11934156378598,81.07298807876252,-177.20164609053495,81.07298807876252,-177.3662551440329
81.5182718765338,171.5625,4,81.5047101156331,171.44032921810702,81.52574369730843,171.522633744856,81.52574369730843,171.68724279835394,81.5047101156331,171.7695473251029,81.48362471150254,171.68724279835394,81.48362471150254,171.522633744856
83.35951133035452,174.375,4,83.35472580926528,174.156378600823,83.37120227156298,174.23868312757196,83.37120227156298,174.4032921810699,83.35472580926528,174.48559670781887,83.3382085775188,174.4032921810699,83.3382085775188,174.23868312757196
85.05870502661288,-171.650390625,4,85.05524635987501,-171.7695473251029,85.06751874496828,-171.68724279835394,85.06751874496828,-171.522633744856,85.05524635987501,-171.44032921810702,85.04294351619686,-171.522633744856,85.04294351619686,-171.68724279835394
82.9403268016951,-40.78125,4,82.92930196274219,-40.905349794238674,82.94682805330262,-40.8230452674897,82.94682805330262,-40.658436213991756,82.92930196274219,-40.57613168724278,82.91173254428449,-40.658436213991756,82.91173254428449,-40.8230452674897
77.76758238272801,20.390625,4,77.74714967960598,20.329218106995913,77.77736697863035,20.411522633744884,77.77736697863035,20.57613168724283,77.74714967960598,20.6584362139918,77.71685882121237,20.57613168724283,77.71685882121237,20.411522633744884
76.01609366420995,117.421875,4,76.03603270206148,117.36625514403292,76.07039153380153,117.4485596707819,76.07039153380153,117.61316872427983,76.03603270206148,117.6954732510288,76.00159080942642,117.61316872427983,76.00159080942642,117.4485596707819
35.38904996691167,139.7021484375,4,35.420785913410434,139.58847736625518,35.536873197197956,139.67078189300415,35.536873197197956,139.83539094650206,35.420785913410434,139.91769547325106,35.30453110829058,139.83539094650206,35.30453110829058,139.67078189300415
40.27952566881291,135,4,40.2585722649131,134.8971193415638,40.367274083827375,134.97942386831278,40.367274083827375,135.14403292181072,40.2585722649131,135.2263374485597,40.14969552581226,135.14403292181072,40.14969552581226,134.97942386831278
43.61221676817573,143.1298828125,4,43.546541711503515,143.04526748971193,43.649779598298416,143.1275720164609,43.649779598298416,143.29218106995884,43.546541711503515,143.3744855967078,43.44312670927895,143.29218106995884,43.44312670927895,143.1275720164609
32.80574473290688,151.5673828125,4,32.824931208918656,151.440329218107,32.94464425543928,151.52263374485597,32.94464425543928,151.6872427983539,32.824931208918656,151.76954732510288,32.70505659484855,151.6872427983539,32.70505659484855,151.52263374485597
22.715390019335942,129.5947265625,4,22.624597440622203,129.4650205761317,22.75611964830257,129.54732510288068,22.75611964830257,129.71193415637862,22.624597440622203,129.7942386831276,22.492949287972607,129.71193415637862,22.492949287972607,129.54732510288068
-85.08136441846642,-79.453125,5,-85.07976074632226,-79.47873799725647,-85.07568345056256,-79.45130315500684,-85.07568345056256,-79.39643347050752,-85.07976074632226,-79.36899862825787,-85.08383467440862,-79.39643347050752,-85.08383467440862,-79.45130315500684
-85.05112877980659,-78.92578125,5,-85.04704785300429,-78.98491083676264,-85.04294351619683,-78.95747599451299,-85.04294351619683,-78.90260631001367,-85.04704785300429,-78.87517146776402,-85.05114879997076,-78.90260631001367,-85.05114879997076,-78.95747599451299
-84.92832092949963,-179.47265625,5,-84.93083484773156,-179.56104252400542,-84.9266344581218,-179.53360768175574,-84.9266344581218,-179.47873799725645,-84.93083484773156,-179.45130315500677,-84.9350317687854,-179.47873799725645,-84.9350317687854,-179.53360768175574
-84.95930495623834,178.2421875,5,-84.9601406144117,178.21673525377233,-84.95596444509661,178.244170096022,-84.95596444509661,178.2990397805213,-84.9601406144117,178.32647462277097,-84.96431333501529,178.2990397805213,-84.96431333501529,178.244170096022
-78.73350050778467,-176.1328125,5,-78.72508109998213,-176.1865569272976,-78.71578664468328,-176.15912208504795,-78.71578664468328,-176.10425240054866,-78.72508109998213,-176.07681755829898,-78.7343679987212,-176.10425240054866,-78.7343679987212,-176.15912208504795
-77.46299575294476,177.60019418945296,5,-77.47186327705678,177.5582990397806,-77.46155142785094,177.58573388203024,-77.46155142785094,177.64060356652953,-77.47186327705678,177.66803840877924,-77.48216678108861,177.64060356652953,-77.48216678108861,177.58573388203024
-78.20656311074711,-15.46875,5,-78.21221081913176,-15.528120713305897,-78.20249943690264,-15.500685871056241,-78.20249943690264,-15.445816186556925,-78.21221081913176,-15.418381344307269,-78.22191432023232,-15.445816186556925,-78.22191432023232,-15.500685871056241
-54.572061655658516,64.3359375,5,-54.56909763250263,64.30727023319615,-54.54154084068968,64.33470507544581,-54.54154084068968,64.38957475994512,-54.56909763250263,64.41700960219478,-54.596635808524155,64.38957475994512,-54.596635808524155,64.33470507544581
-46.31658418182218,-100.1953125,5,-46.3373956350873,-100.21947873799725,-46.30457849854006,-100.1920438957476,-46.30457849854006,-100.1371742112483,-46.3373956350873,-100.10973936899865,-46.370193088235574,-100.1371742112483,-46.370193088235574,-100.1920438957476
-17.644022027872722,-160.6640625,5,-17.674819831740688,-160.71330589849106,-17.6295387075199,-160.68587105624138,-17.6295387075199,-160.6310013717421,-17.674819831740688,-160.6035665294924,-17.720089555426664,-160.6310013717421,-17.720089555426664,-160.68587105624138
-7.174237640658758,-172.73183706054704,5,-7.156617561633091,-172.81207133058987,-7.109466792430788,-172.78463648834023,-7.109466792430788,-172.72976680384093,-7.156617561633091,-172.70233196159126,-7.203763459342887,-172.72976680384093,-7.203763459342887,-172.78463648834023
-6.476099848825542,178.47910043945296,5,-6.496077810333872,178.46364883401918,-6.448862147843921,178.4910836762689,-6.448862147843921,178.54595336076818,-6.496077810333872,178.57338820301786,-6.543289042822609,178.54595336076818,-6.543289042822609,178.4910836762689
2.649746548777155,176.72128793945296,5,2.612613889744312,176.65294924554183,2.6600821349960544,176.6803840877915,2.6600821349960544,176.7352537722908,2.612613889744312,176.76268861454045,2.5651438499496257,176.7352537722908,2.5651438499496257,176.6803840877915
18.49286089121868,-174.84121206054704,5,18.48790611622277,-174.86968449931416,18.53296632385889,-174.84224965706446,18.53296632385889,-174.78737997256516,18.48790611622277,-174.75994513031551,18.442834056547753,-174.78737997256516,18.442834056547753,-174.84224965706446
4.565473550710291,9.84375,5,4.556967978746024,9.821673525377228,4.604334739301482,9.849108367626885,4.604334739301482,9.903978052126199,4.556967978746024,9.931412894375855,4.509598096975023,9.903978052126199,4.509598096975023,9.849108367626885
-2.460181181020993,-9.140625,5,-2.4227232885183243,-9.190672153635115,-2.3752463957922045,-9.163237311385457,-2.3752463957922045,-9.108367626886142,-2.4227232885183243,-9.080932784636484,-2.470198516809532,-9.108367626886142,-2.470198516809532,-9.163237311385457
3.5134210456400443,-60.46875,5,3.466736260749132,-60.54869684499314,3.514166651194572,-60.52126200274348,3.514166651194572,-60.46639231824416,3.466736260749132,-60.438957475994506,3.419303491595725,-60.46639231824416,3.419303491595725,-60.52126200274348
21.94304553343818,127.96875,5,21.921032689851973,127.92866941015089,21.965108777256436,127.95610425240054,21.965108777256436,128.01097393689986,21.921032689851973,128.0384087791495,21.87694295342196,128.01097393689986,21.87694295342196,127.95610425240054
24.459869026557232,133.91855356445296,5,24.454191557293267,133.85459533607684,24.497439901296516,133.8820301783265,24.497439901296516,133.9368998628258,24.454191557293267,133.96433470507543,24.410928362530054,133.9368998628258,24.410928362530054,133.8820301783265
37.64903402157866,145.810546875,5,37.63518586440209,145.7887517146776,37.67280697020866,145.81618655692725,37.67280697020866,145.8710562414266,37.63518586440209,145.89849108367625,37.59754570130202,145.8710562414266,37.59754570130202,145.81618655692725
35.02999636902565,138.33984375,5,34.99370111793707,138.29903978052127,35.03261976476054,138.32647462277092,35.03261976476054,138.3813443072702,34.99370111793707,138.40877914951986,34.95476395607867,138.3813443072702,34.95476395607867,138.32647462277092
43.51668853502906,141.416015625,5,43.546541711503515,141.34430727023314,43.58097402151955,141.3717421124828,43.58097402151955,141.42661179698212,43.546541711503515,141.45404663923176,43.51208972197587,141.42661179698212,43.51208972197587,141.3717421124828
43.068887774169625,43.59375,5,43.062423615808804,43.566529492455416,43.09713131766362,43.59396433470508,43.09713131766362,43.648834019204386,43.062423615808804,43.67626886145405,43.027696254138654,43.648834019204386,43.027696254138654,43.59396433470508
66.51326044311185,-78.75,5,66.4943616312731,-78.82030178326472,66.51330668794108,-78.79286694101508,66.51330668794108,-78.73799725651577,66.4943616312731,-78.71056241426612,66.4754021607312,-78.73799725651577,66.4754021607312,-78.79286694101508
25.733322875649765,-115.25136831054692,5,25.702285927321512,-115.281207133059,25.7450952667949,-115.25377229080935,25.7450952667949,-115.19890260631004,25.702285927321512,-115.1714677640604,25.659461187111766,-115.19890260631004,25.659461187111766,-115.25377229080935
76.9999351181161,18.984375,5,76.99947013952959,18.957475994513043,77.01015559544854,18.9849108367627,77.01015559544854,19.039780521262017,76.99947013952959,19.067215363511675,76.98877604523648,19.039780521262017,76.98877604523648,18.9849108367627
74.95939165894974,118.828125,5,74.96578743743133,118.79286694101505,74.97810861090475,118.8203017832647,74.97810861090475,118.87517146776402,74.96578743743133,118.90260631001367,74.95345639115024,118.87517146776402,74.95345639115024,118.8203017832647
83.27770503961696,-38.671875,5,83.27729497862227,-38.73799725651576,83.28285541301905,-38.71056241426609,83.28285541301905,-38.65569272976679,83.27729497862227,-38.62825788751713,83.27172996247243,-38.65569272976679,83.27172996247243,-38.71056241426609
82.02137801950887,172.265625,5,82.02192059895748,172.20850480109735,82.02851319037593,172.235939643347,82.02851319037593,172.2908093278463,82.02192059895748,172.31824417009597,82.01532259063583,172.2908093278463,82.01532259063583,172.235939643347
82.02137801950887,-174.375,5,82.02192059895748,-174.45816186556922,82.02851319037593,-174.43072702331955,82.02851319037593,-174.37585733882025,82.02192059895748,-174.3484224965706,82.01532259063583,-174.37585733882025,82.01532259063583,-174.43072702331955
84.32968167034325,-173.6107433105468,5,84.32651565973768,-173.63511659807958,84.33121136870061,-173.6076817558299,84.33121136870061,-173.5528120713306,84.32651565973768,-173.52537722908093,84.32181607384256,-173.5528120713306,84.32181607384256,-173.6076817558299
85.04354094565655,173.3203125,5,85.04294351619683,173.278463648834,85.04704785300429,173.30589849108367,85.04704785300429,173.36076817558296,85.04294351619683,173.38820301783264,85.03883578676745,173.36076817558296,85.03883578676745,173.30589849108367
-85.035941506574,-88.41796875,6,-85.03609541431689,-88.44078646547779,-85.03472466193291,-88.43164151806124,-85.03472466193291,-88.41335162322812,-85.03609541431689,-88.40420667581158,-85.03746578922734,-88.41335162322812,-85.03746578922734,-88.43164151806124
-85.02070774312593,118.4765625,6,-85.02099635433396,118.4453589391861,-85.01962144292459,118.45450388660264,-85.01962144292459,118.47279378143575,-85.02099635433396,118.4819387288523,-85.02237088713319,118.47279378143575,-85.02237088713319,118.45450388660264
-85.1114157806266,124.1015625,6,-85.11090833582553,124.09693644261549,-85.1095581920072,124.106081390032,-85.1095581920072,124.12437128486512,-85.11090833582553,124.13351623228168,-85.11225810780361,124.12437128486512,-85.11225810780361,124.106081390032
-85.14128398117636,177.890625,6,-85.14051760404581,177.8692272519433,-85.13917561727133,177.87837219935986,-85.13917561727133,177.89666209419298,-85.14051760404581,177.90580704160953,-85.14185922121028,177.89666209419298,-85.14185922121028,177.87837219935986
-85.05112877980659,178.2421875,6,-85.04978219412602,178.22588020118886,-85.04841521183816,178.23502514860542,-85.04841521183816,178.25331504343853,-85.04978219412602,178.2624599908551,-85.05114879997076,178.25331504343853,-85.05114879997076,178.23502514860542
-85.01949481381588,-177.1263683105467,6,-85.0182461528016,-177.13763145861915,-85.01687048386142,-177.12848651120257,-85.01687048386142,-177.11019661636945,-85.0182461528016,-177.10105166895292,-85.0196214429246,-177.11019661636945,-85.0196214429246,-177.12848651120257
-78.1344931829381,-16.5234375,6,-78.1342985749577,-16.534064929126668,-78.13104123906898,-16.524919981710113,-78.13104123906898,-16.506630086877006,-78.1342985749577,-16.497485139460455,-78.13755502971125,-16.506630086877006,-78.13755502971125,-16.524919981710113
-77.8418477505252,176.1328125,6,-77.84425402866796,176.11339734796528,-77.8409182547605,176.12254229538183,-77.8409182547605,176.14083219021495,-77.84425402866796,176.1499771376315,-77.84758890119335,176.14083219021495,-77.84758890119335,176.12254229538183
-77.15405630624801,-173.6107433105467,6,-77.15180611673658,-173.62597165066302,-77.1482834306493,-173.61682670324646,-77.1482834306493,-173.59853680841334,-77.15180611673658,-173.58939186099678,-77.15532785348206,-173.59853680841334,-77.15532785348206,-173.61682670324646
-44.59046718130883,60.8203125,6,-44.5822286864963,60.8047553726566,-44.57094599661909,60.81390032007315,-44.57094599661909,60.832190214906255,-44.5822286864963,60.84133516232281,-44.59350918717641,60.832190214906255,-44.59350918717641,60.81390032007315
-21.616579336740593,-166.9921875,6,-21.626844357539948,-167.01417466849568,-21.6121191338212,-167.00502972107913,-21.6121191338212,-166.986739826246,-21.626844357539948,-166.97759487882945,-21.6415680809959,-166.986739826246,-21.6415680809959,-167.00502972107913
-3.8503134325701494,179.0064441894533,6,-3.8461100614416903,178.99405578417927,-3.830306075151372,179.0032007315958,-3.830306075151372,179.0214906264289,-3.8461100614416903,179.0306355738455,-3.8619137546732323,179.0214906264289,-3.8619137546732323,179.0032007315958
-4.915832801313164,-176.484375,6,-4.920031005117914,-176.50663008687704,-4.904249667372985,-176.49748513946048,-4.904249667372985,-176.47919524462736,-4.920031005117914,-176.4700502972108,-4.935811968692633,-176.47919524462736,-4.935811968692633,-176.49748513946048
6.678485780329861,-174.3138683105467,6,6.669163764467287,-174.33927754915413,6.68489584399761,-174.33013260173757,6.68489584399761,-174.31184270690446,6.669163764467287,-174.3026977594879,6.653431179833992,-174.31184270690446,6.653431179833992,-174.33013260173757
9.462844802358449,174.7876941894533,6,9.476049692387019,174.76909007773205,9.491672712249768,174.77823502514863,9.491672712249768,174.79652491998175,9.476049692387019,174.80566986739828,9.460425961446564,174.79652491998175,9.460425961446564,174.77823502514863
-48.45835188280864,-96.6796875,6,-48.44937153541979,-96.69867398262463,-48.43886439084951,-96.68952903520808,-48.43886439084951,-96.67123914037496,-48.44937153541979,-96.6620941929584,-48.45987650641168,-96.67123914037496,-48.45987650641168,-96.68952903520808
4.565473550710291,2.4609375,6,4.556967978746024,2.45084590763603,4.572757247321491,2.459990855052583,4.572757247321491,2.4782807498856876,4.556967978746024,2.4874256973022404,4.541178363368741,2.4782807498856876,4.541178363368741,2.459990855052583
2.4601811810210052,-60.46875,6,2.4701985168095573,-60.48468221307727,2.4860232174085555,-60.47553726566072,2.4860232174085555,-60.457247370827616,2.4701985168095573,-60.448102423411065,2.4543736276582195,-60.457247370827616,2.4543736276582195,-60.47553726566072
10.14193168613103,-180,6,10.131590386552386,-180.01828989483315,10.147182524811935,-180.00914494741656,10.147182524811935,-179.99085505258344,10.131590386552386,-179.98171010516688,10.115997490021297,-179.99085505258344,10.115997490021297,-180.00914494741656
32.54681317351514,138.8671875,6,32.55832421354659,138.85688157293094,32.571673460381994,138.8660265203475,32.571673460381994,138.88431641518062,32.55832421354659,138.89346136259718,32.5449729805342,138.88431641518062,32.5449729805342,138.8660265203475
21.94304553343818,127.6171875,6,21.935726236625015,127.60859625057155,21.95041826602959,127.6177411979881,21.95041826602959,127.63603109282121,21.935726236625015,127.64517604023777,21.921032689851973,127.63603109282121,21.921032689851973,127.6177411979881
43.83452678223684,143.0859375,6,43.83287620143813,143.0544124371285,43.84430114599429,143.06355738454502,43.84430114599429,143.08184727937817,43.83287620143813,143.0909922267947,43.821449069268745,143.08184727937817,43.821449069268745,143.06355738454502
39.63953756436671,36.9140625,6,39.6392946161491,36.909007773205296,39.65149116822487,36.918152720621855,39.65149116822487,36.93644261545496,39.6392946161491,36.94558756287151,39.62709591286351,36.93644261545496,39.62709591286351,36.918152720621855
65.80277639340238,-78.3984375,6,65.8026708623787,-78.39963420210336,65.80916235184385,-78.39048925468681,65.80916235184385,-78.3721993598537,65.8026708623787,-78.36305441243717,65.79617773579754,-78.3721993598537,65.79617773579754,-78.39048925468681
39.78550768453777,-104.6605479980467,6,39.773338334546146,-104.68221307727481,39.785511211974736,-104.67306812985828,39.785511211974736,-104.65477823502513,39.773338334546146,-104.64563328760862,39.761163304025494,-104.65477823502513,39.761163304025494,-104.67306812985828
24.379841066454198,-114.5042979980467,6,24.38207799193103,-114.5313214449017,24.396504000822393,-114.52217649748516,24.396504000822393,-114.50388660265205,24.38207799193103,-114.4947416552355,24.36765033658251,-114.50388660265205,24.36765033658251,-114.52217649748516
82.40242347938855,-40.078125,6,82.4038568826114,-40.10059442158209,82.40595041576354,-40.09144947416553,82.40595041576354,-40.07315957933243,82.4038568826114,-40.064014631915875,82.40176277569883,-40.07315957933243,82.40176277569883,-40.09144947416553
78.9039293885709,18.28125,6,78.9032956845109,18.253315043438473,78.90634383127617,18.262459990855024,78.90634383127617,18.28074988568813,78.9032956845109,18.289894833104682,78.90024671072287,18.28074988568813,78.90024671072287,18.262459990855024
75.49715731893085,123.046875,6,75.49471609617443,123.02697759487882,75.49868287698156,123.03612254229537,75.49868287698156,123.05441243712849,75.49471609617443,123.06355738454504,75.49074825355746,123.05441243712849,75.49074825355746,123.03612254229537
81.06812649632941,179.4019520019533,6,81.06807090685717,179.37814357567441,81.07052982853108,179.38728852309097,81.07052982853108,179.4055784179241,81.06807090685717,179.41472336534068,81.0656113135618,179.4055784179241,81.0656113135618,179.38728852309097
82.83322366624273,-177.0824229980467,6,82.83509514206587,-177.1101966163695,82.83707046261901,-177.10105166895292,82.83707046261901,-177.0827617741198,82.83509514206587,-177.07361682670327,82.83311927962198,-177.0827617741198,82.83311927962198,-177.10105166895292
84.25098665623719,-177.0824229980467,6,84.25085489245353,-177.1101966163695,84.25244136926702,-177.10105166895292,84.25244136926702,-177.0827617741198,84.25085489245353,-177.07361682670327,84.24926797920187,-177.0827617741198,84.24926797920187,-177.10105166895292
85.00664369479912,175.0074207519533,6,85.00585148249068,174.9885688157293,85.00723018569823,174.99771376314584,85.00723018569823,175.01600365797896,85.00585148249068,175.02514860539554,85.00447239953304,175.01600365797896,85.00447239953304,174.99771376314584
85.03974267783215,88.41796875,6,85.03883578676745,88.40420667581161,85.04020540704033,88.41335162322815,85.04020540704033,88.43164151806127,85.03883578676745,88.44078646547783,85.03746578922734,88.43164151806127,85.03746578922734,88.41335162322815
-85.04733631224822,-79.6728515625,7,-85.04750368112704,-79.67687852461513,-85.04704785300427,-79.67383020880962,-85.04704785300427,-79.66773357719858,-85.04750368112704,-79.66468526139306,-85.04795946740373,-79.66773357719858,-85.04795946740373,-79.67383020880962
-85.05112877980659,128.0126953125,7,-85.05114879997078,128.00487730528886,-85.05069330650986,128.00792562109433,-85.05069330650986,128.0140222527054,-85.05114879997078,128.01707056851092,-85.05160425161611,128.0140222527054,-85.05160425161611,128.00792562109433
-85.05207644397981,177.220458984375,7,-85.05251502947527,177.21383935375704,-85.05205966144966,177.21688766956257,-85.05205966144966,177.22298430117357,-85.05251502947527,177.22603261697913,-85.05297035569673,177.22298430117357,-85.05297035569673,177.21688766956257
-85.05112877980659,177.36328125,7,-85.05069330650984,177.3601585124219,-85.05023777122953,177.36320682822742,-85.05023777122953,177.36930345983842,-85.05069330650984,177.37235177564398,-85.05114879997076,177.36930345983842,-85.05114879997076,177.36320682822742
-85.05207644397981,-177.352294921875,7,-85.05205966144965,-177.36320682822736,-85.05160425161608,-177.36015851242183,-85.05160425161608,-177.35406188081078,-85.05205966144965,-177.35101356500525,-85.05251502947525,-177.35406188081078,-85.05251502947525,-177.36015851242183
-85.05018093458115,-177.396240234375,7,-85.05023777122953,-177.39978661789362,-85.04978219412602,-177.39673830208807,-85.04978219412602,-177.39064167047707,-85.05023777122953,-177.38759335467154,-85.05069330650984,-177.39064167047707,-85.05069330650984,-177.39673830208807
-78.20656311074711,-179.47265625,7,-78.20681658015287,-179.47568968145097,-78.20573744037111,-179.47264136564544,-78.20573744037111,-179.4665447340344,-78.20681658015287,-179.46349641822886,-78.20789562259478,-179.4665447340344,-78.20789562259478,-179.47264136564544
-76.32524311648964,-179.8180187011717,7,-76.32483001774263,-179.82319768328003,-76.32358171796851,-179.8201493674745,-76.32358171796851,-179.81405273586347,-76.32483001774263,-179.8110044200579,-76.32607820575116,-179.81405273586347,-76.32607820575116,-179.8201493674745
-75.6442438813013,174.5569812988283,7,-75.64340062368761,174.5526596555403,-75.64209139708923,174.55570797134584,-75.64209139708923,174.56180460295687,-75.64340062368761,174.56485291876243,-75.64470973341288,174.56180460295687,-75.64470973341288,174.55570797134584
-78.06198918665973,-13.359375,7,-78.06134107808937,-13.366864807194002,-78.06024881855663,-13.363816491388484,-78.06024881855663,-13.357719859777449,-78.06134107808937,-13.354671543971932,-78.06243323915139,-13.357719859777449,-78.06243323915139,-13.363816491388484
-52.26815737376816,56.42578125,7,-52.2664641271478,56.41822892851698,-52.26323280118497,56.4212772443225,-52.26323280118497,56.42737387593353,-52.2664641271478,56.43042219173905,-52.2696952176244,56.42737387593353,-52.2696952176244,56.4212772443225
-47.32190612004859,68.0335437988283,7,-47.31992145629309,68.02316720012193,-47.31634211131411,68.02621551592745,-47.31634211131411,68.03231214753849,-47.31992145629309,68.035360463344,-47.32350055879928,68.03231214753849,-47.32350055879928,68.02621551592745
-48.45835188280864,-104.58984375,7,-48.45987650641166,-104.5968602347203,-48.456375090917106,-104.5938119189148,-48.456375090917106,-104.58771528730375,-48.45987650641166,-104.58466697149824,-48.46337768040822,-104.58771528730375,-48.46337768040822,-104.5938119189148
-51.835777520452474,-99.140625,7,-51.834628009147735,-99.14647157445509,-51.83136530316046,-99.14342325864959,-51.83136530316046,-99.13732662703855,-51.834628009147735,-99.13427831123303,-51.8378904787554,-99.13732662703855,-51.8378904787554,-99.14342325864959
-21.453068633086772,-162.24609375,7,-21.454956946828297,-162.25575369608293,-21.450042890390293,-162.2527053802774,-21.450042890390293,-162.24660874866638,-21.454956946828297,-162.24356043286085,-21.4598708376365,-162.24660874866638,-21.4598708376365,-162.2527053802774
-12.382928338487396,-178.76953125,7,-12.383971425939663,-178.77152873037653,-12.37881438675191,-178.76848041457097,-12.37881438675191,-178.76238378295994,-12.383971425939663,-178.75933546715441,-12.389128363210876,-178.76238378295994,-12.389128363210876,-178.76848041457097
-4.102390498486627,-177.5328624511717,7,-4.0989331724795255,-177.53696082914186,-4.093666822513289,-177.53391251333633,-4.093666822513289,-177.52781588172533,-4.0989331724795255,-177.5247675659198,-4.104199487757385,-177.52781588172533,-4.104199487757385,-177.53391251333633
4.327479492112243,-177.1812999511717,7,4.330617601639902,-177.1894528273129,4.335882346830518,-177.18640451150733,4.335882346830518,-177.18030787989633,4.330617601639902,-177.1772595640908,4.325352819814791,-177.18030787989633,4.325352819814791,-177.18640451150733
14.714023344909329,-179.9937999511717,7,14.714128073890608,-179.99695168419447,14.71923470049054,-179.99390336838894,14.71923470049054,-179.98780673677794,14.714128073890608,-179.9847584209724,14.709021327764008,-179.98780673677794,14.709021327764008,-179.99390336838894
19.168745200320153,174.4251453613283,7,19.172525248647407,174.415485444292,19.17751215934248,174.41853376009752,19.17751215934248,174.42463039170855,19.172525248647407,174.4276787075141,19.167538187028587,174.42463039170855,19.167538187028587,174.41853376009752
5.266007882805498,-60.8203125,7,5.26712366729293,-60.82914189910074,5.272381188978117,-60.82609358329522,5.272381188978117,-60.81999695168418,5.26712366729293,-60.81694863587867,5.261866101132342,-60.81999695168418,5.261866101132342,-60.82609358329522
6.165370163645122,0.5774891113283047,7,6.16022759188225,0.5700350556317637,6.165476916369797,0.5730833714372812,6.165476916369797,0.579180003048316,6.16022759188225,0.5822283188538334,6.154978215485965,0.579180003048316,6.154978215485965,0.5730833714372812
-2.1088986592431254,4.21875,7,-2.106180802162664,4.2097241274196,-2.10090452225654,4.212772443225117,-2.10090452225654,4.218869074836152,-2.106180802162664,4.22191739064167,-2.1114570641997954,4.218869074836152,-2.1114570641997954,4.212772443225117
45.336701909968106,39.7265625,7,45.333181571987915,39.7195549458924,45.33689308630408,39.72260326169791,45.33689308630408,39.72869989330894,45.333181571987915,39.73174820911446,45.32946981441822,39.72869989330894,45.32946981441822,39.72260326169791
39.90973623453719,36.2109375,7,39.907121529314985,36.207895137936276,39.91117149621934,36.21094345374179,39.91117149621934,36.21704008535283,39.907121529314985,36.22008840115835,39.90307132297466,36.21704008535283,39.90307132297466,36.21094345374179
22.43134015636061,128.408203125,7,22.42951839128782,128.3981100442006,22.43439872141956,128.4011583600061,22.43439872141956,128.40725499161712,22.42951839128782,128.41030330742265,22.424637889561915,128.40725499161712,22.424637889561915,128.4011583600061
35.817813158696616,137.900390625,7,35.819935413610864,137.89056546258192,35.82421650875696,137.89361377838745,35.82421650875696,137.89971040999848,35.819935413610864,137.90275872580398,35.8156540875783,137.89971040999848,35.8156540875783,137.89361377838745
40.212440718286466,135.7470703125,7,40.214236183804,135.74150281969207,40.21826793616257,135.7445511354976,40.21826793616257,135.75064776710866,40.214236183804,135.75369608291416,40.21020419156204,135.75064776710866,40.21020419156204,135.7445511354976
38.20365531807151,145.6787109375,7,38.20164704742394,145.67291571406795,38.205796032306324,145.67596402987346,38.205796032306324,145.6820606614845,38.20164704742394,145.68510897729,38.197497826089304,145.6820606614845,38.197497826089304,145.67596402987346
43.866218006556394,142.119140625,7,43.86333785879606,142.1155311690291,43.867144472125965,142.11857948483464,43.867144472125965,142.12467611644567,43.86333785879606,142.1277244322512,43.8595310023876,142.12467611644567,43.8595310023876,142.11857948483464
30.84821145703608,156.1438953613283,7,30.851511008998052,156.13473555860384,30.856043638491638,156.1377838744094,30.856043638491638,156.14388050602042,30.851511008998052,156.14692882182595,30.846978165304648,156.14388050602042,30.846978165304648,156.1377838744094
21.453068633086783,178.857421875,7,21.454956946828297,178.85078494131992,21.45987083763651,178.85383325712547,21.45987083763651,178.85992988873647,21.454956946828297,178.862978204542,21.450042890390318,178.85992988873647,21.450042890390318,178.85383325712547
42.032974332441405,35.15625,7,42.03559230187854,35.14708123761623,42.03951366966796,35.15012955342174,42.03951366966796,35.15622618503278,42.03559230187854,35.1592745008383,42.03167069212032,35.15622618503278,42.03167069212032,35.15012955342174
30.92363839408563,-116.4928233886717,7,30.92400736452905,-116.49443682365494,30.928536564348995,-116.49138850784942,30.928536564348995,-116.48529187623836,30.92400736452905,-116.48224356043285,30.91947795021817,-116.48529187623836,30.91947795021817,-116.49138850784942
41.131270837014384,-95.3990733886717,7,41.135210942868746,-95.40618808108519,41.139187381119406,-95.40313976527968,41.139187381119406,-95.39704313366865,41.135210942868746,-95.39399481786313,41.13123426355845,-95.39704313366865,41.13123426355845,-95.40313976527968
75.40885422846455,118.125,7,75.40983806367858,118.11918914799573,75.41116801238674,118.12223746380124,75.41116801238674,118.1283340954123,75.40983806367858,118.13138241121779,75.40850799636179,118.1283340954123,75.40850799636179,118.12223746380124
66.79190947341796,-77.34375,7,66.7915979463581,-77.34491693339429,66.79367851927863,-77.34186861758877,66.79367851927863,-77.33577198597773,66.7915979463581,-77.33272367017221,66.78951719721901,-77.33577198597773,66.78951719721901,-77.34186861758877
69.72675675727797,-86.6100108886717,7,69.72847884541947,-86.61789361377838,69.7303080687751,-86.61484529797288,69.7303080687751,-86.60874866636182,69.72847884541947,-86.60570035055632,69.72664946393377,-86.60874866636182,69.72664946393377,-86.61484529797288
76.01609366420995,23.90625,7,76.01563273022674,23.898795915256823,76.01690858374322,23.901844231062338,76.01690858374322,23.90794086267337,76.01563273022674,23.910989178478886,76.01435676261919,23.90794086267337,76.01435676261919,23.901844231062338
78.66951243420486,17.804051611328305,7,78.67023811301755,17.799115988416403,78.67127531929692,17.802164304221918,78.67127531929692,17.80826093583295,78.67023811301755,17.81130925163847,78.66920081301737,17.80826093583295,78.66920081301737,17.802164304221918
83.19489563661588,-41.484375,7,83.19521359504485,-41.487578113092496,83.19583915814322,-41.48452979728698,83.19583915814322,-41.478433165675945,83.19521359504485,-41.47538484987042,83.19458797470396,-41.478433165675945,83.19458797470396,-41.48452979728698
84.18123616265304,-48.992823388671695,7,84.18168672552547,-48.99557994208202,84.182221940767,-48.9925316262765,84.182221940767,-48.98643499466547,84.18168672552547,-48.98338667885996,84.18115146121544,-48.98643499466547,84.18115146121544,-48.9925316262765
81.87364125482827,171.9140625,7,81.87401287786508,171.90976985215667,81.87475915024343,171.9128181679622,81.87475915024343,171.91891479957323,81.87401287786508,171.9219631153788,81.87326653740467,171.91891479957323,81.87326653740467,171.9128181679622
81.87364125482827,-172.6171875,7,81.87326653740467,-172.62612406645331,81.87401287786508,-172.62307575064779,81.87401287786508,-172.61697911903678,81.87326653740467,-172.61393080323123,81.87252012885617,-172.61697911903678,81.87252012885617,-172.62307575064779
84.40594104126978,-171.2109375,7,84.40581802575272,-171.21780216430423,84.4063326904617,-171.21475384849867,84.4063326904617,-171.20865721688767,84.40581802575272,-171.20560890108214,84.40530331384082,-171.20865721688767,84.40530331384082,-171.21475384849867
84.95930495623834,-170.5078125,7,84.95967676595735,-170.51364121322968,84.96014061441167,-170.51059289742415,84.96014061441167,-170.50449626581312,84.95967676595735,-170.50144795000756,84.95921287492243,-170.50449626581312,84.95921287492243,-170.51059289742415
85.00759985598985,171.7884266113283,7,85.00768966906308,171.78174058832488,85.00814911024891,171.7847889041304,85.00814911024891,171.79088553574144,85.00768966906308,171.793933851547,85.00723018569823,171.79088553574144,85.00723018569823,171.7847889041304
85.05089183547521,89.41497802734375,7,85.05114879997079,89.41319920743791,85.05160425161613,89.41624752324341,85.05160425161613,89.42234415485447,85.05114879997079,89.42539247065997,85.0506933065099,89.42234415485447,85.0506933065099,89.41624752324341
-85.05112877980659,-86.484375,8,-85.05099697346348,-86.48579992887261,-85.05084514230988,-86.48478382360412,-85.05084514230988,-86.4827516130671,-85.05099697346348,-86.48173550779859,-85.05114879997076,-86.4827516130671,-85.05114879997076,-86.48478382360412
-84.89434602717608,-74.96621968994123,8,-84.89431593312257,-74.96926281562769,-84.89415930766413,-74.96824671035918,-84.89415930766413,-74.96621449982217,-84.89431593312257,-74.96519839455367,-84.89447255378913,-74.96621449982217,-84.89447255378913,-74.96824671035918
-84.95930495623834,116.015625,8,-84.95936750999884,116.01381903165169,-84.95921287492246,116.0148351369202,-84.95921287492246,116.01686734745724,-84.95936750999884,116.01788345272571,-84.95952214034375,116.01686734745724,-84.95952214034375,116.0148351369202
-85.05112877980659,125.859375,8,-85.05114879997078,125.85683076766755,-85.0509969734635,125.85784687293605,-85.0509969734635,125.85987908347309,-85.05114879997078,125.86089518874157,-85.05130062183187,125.85987908347309,-85.05130062183187,125.85784687293605
-85.04733631224822,179.384765625,8,-85.04735174306921,179.38220799674846,-85.04719980036167,179.383224102017,-85.04719980036167,179.38525631255402,-85.04735174306921,179.38627241782254,-85.04750368112704,179.38525631255402,-85.04750368112704,179.383224102017
-85.04461761710783,-178.94082906494123,8,-85.04461606279176,-178.9412183102169,-85.04446403636537,-178.94020220494838,-85.04446403636537,-178.93816999441134,-85.04461606279176,-178.93715388914285,-85.04476808456589,-178.93816999441134,-85.04476808456589,-178.94020220494838
-78.02557363284087,178.41796875,8,-78.0252444701795,178.4158918863994,-78.024879309876,178.41690799166793,-78.024879309876,178.41894020220496,-78.0252444701795,178.41995630747346,-78.02560961951067,178.41894020220496,-78.02560961951067,178.41690799166793
-76.78350465189983,-179.38028218994123,8,-76.78353577417859,-179.38322410201695,-76.78313339062244,-179.38220799674843,-76.78313339062244,-179.38017578621142,-76.78353577417859,-179.3791596809429,-76.78393814570234,-179.38017578621142,-76.78393814570234,-179.38220799674843
-78.27820145542812,-12.3046875,8,-78.27818254539632,-12.305034801605439,-78.2778249891265,-12.304018696336934,-78.2778249891265,-12.301986485799924,-78.27818254539632,-12.300970380531417,-78.27854009091233,-12.301986485799924,-78.27854009091233,-12.304018696336934
-50.736455137010644,-94.921875,8,-50.736155251976534,-94.92353807854494,-50.735041382259226,-94.92252197327643,-50.735041382259226,-94.92048976273941,-50.736155251976534,-94.91947365747092,-50.73726909520387,-94.92048976273941,-50.73726909520387,-94.92252197327643
-48.05704077771629,58.97909281005877,8,-48.05798249478467,58.976781994614626,-48.05680617181851,58.97779809988313,-48.05680617181851,58.97983031042014,-48.05798249478467,58.98084641568866,-48.059158790874676,58.97983031042014,-48.059158790874676,58.97779809988313
-16.057790563159426,-177.97403218994123,8,-16.05801314654258,-177.9749021998679,-16.05632186277594,-177.97388609459938,-16.05632186277594,-177.97185388406234,-16.05801314654258,-177.97083777879382,-16.059704415939105,-177.97185388406234,-16.059704415939105,-177.97388609459938
-8.506430649777663,-175.86465718994123,8,-8.50607873048697,-175.8685159782554,-8.504338139677694,-175.86749987298688,-8.504338139677694,-175.86546766244984,-8.50607873048697,-175.86445155718135,-8.50781931338796,-175.86546766244984,-8.50781931338796,-175.86749987298688
-21.28937435586041,-162.421875,8,-21.289426163285547,-162.4254432759234,-21.287786309983726,-162.4244271706549,-21.287786309983726,-162.42239496011786,-21.289426163285547,-162.42137885484937,-21.291065998298787,-162.42239496011786,-21.291065998298787,-162.4244271706549
-5.015809753574582,6.9478428100587735,8,-5.014711132428624,6.945079510237261,-5.012957920691696,6.946095615505767,-5.012957920691696,6.948127826042778,-5.014711132428624,6.9491439313112835,-5.016464339458165,6.948127826042778,-5.016464339458165,6.946095615505767
2.8113711933311403,-59.0625,8,2.811264950874379,-59.06619925824316,2.813022777429946,-59.065183152974654,2.813022777429946,-59.063150942437645,2.811264950874379,-59.06213483716914,2.8095071216705296,-59.063150942437645,2.8095071216705296,-59.065183152974654
11.178401873711785,175.078125,8,11.177984463616795,175.07493776355227,11.179711017752782,175.0759538688208,11.179711017752782,175.07798607935783,11.177984463616795,175.07900218462635,11.176257899199703,175.07798607935783,11.176257899199703,175.0759538688208
12.28489094009069,-179.20450093994123,8,12.28425065422217,-179.20642178529695,12.285970298998034,-179.20540568002843,12.285970298998034,-179.2033734694914,12.28425065422217,-179.2023573642229,12.282530998207777,-179.2033734694914,12.282530998207777,-179.20540568002843
29.22889003019423,140.9765625,8,29.229032433819672,140.9734288472286,29.23056828271352,140.9744449524971,29.23056828271352,140.97647716303413,29.229032433819672,140.97749326830262,29.22749656188932,140.97647716303413,29.22749656188932,140.9744449524971
35.23544008841136,138.43221781005877,8,35.235560418824775,138.431133465427,35.23699790702596,138.4321495706955,35.23699790702596,138.43418178123252,35.235560418824775,138.43519788650102,35.23412290514852,138.43418178123252,35.23412290514852,138.4321495706955
21.453068633086783,129.7265625,8,21.453318946417433,129.7251435248692,21.454956946828297,129.7261596301377,21.454956946828297,129.72819184067473,21.453318946417433,129.72920794594322,21.4516809276044,129.72819184067473,21.4516809276044,129.7261596301377
31.11753019833845,153.37362406005877,8,31.117062330967663,153.37092922826804,31.118569032014587,153.37194533353656,31.118569032014587,153.3739775440736,31.117062330967663,153.37499364934212,31.11555560600297,153.3739775440736,31.11555560600297,153.37194533353656
40.58058466412761,134.296875,8,40.581479285547495,134.29456891733986,40.58281591881022,134.29558502260835,40.58281591881022,134.2976172331454,40.581479285547495,134.29863333841388,40.58014262557564,134.2976172331454,40.58014262557564,134.29558502260835
43.507650004750154,141.77206156005877,8,43.508260508407375,141.7690392724686,43.50953693992366,141.77005537773712,43.50953693992366,141.77208758827416,43.508260508407375,141.77310369354265,43.50698404989774,141.77208758827416,43.50698404989774,141.77005537773712
41.37680856570233,47.109375,8,41.37601173942487,47.10664024792968,41.37733236812542,47.10765635319819,41.37733236812542,47.1096885637352,41.37601173942487,47.1107046690037,41.37469108391033,47.1096885637352,41.37469108391033,47.10765635319819
46.00356753757519,36.12753031005877,8,46.00467110098089,36.12660671645583,46.0058935454445,36.12762282172434,46.0058935454445,36.12965503226135,46.00467110098089,36.13067113752985,46.003448629503836,36.12965503226135,46.003448629503836,36.12762282172434
-39.85185459365323,-129.63418843994123,8,-39.85174798739918,-129.63775847177772,-39.85039685465366,-129.63674236650922,-39.85039685465366,-129.6347101559722,-39.85174798739918,-129.63369405070367,-39.85309909355,-129.6347101559722,-39.85309909355,-129.63674236650922
0.7031073524364909,-58.359375,8,0.7022008550131126,-58.362038307168625,0.7039606684599168,-58.36102220190012,0.7039606684599168,-58.35898999136311,0.7022008550131126,-58.357973886094605,0.700441040903837,-58.35898999136311,0.700441040903837,-58.36102220190012
36.092306116910116,-111.35293843994123,8,36.09345953973505,-111.353960270284,36.09488166375411,-111.3529441650155,36.09488166375411,-111.35091195447848,36.09345953973505,-111.34989584920997,36.09203738998184,-111.35091195447848,36.09203738998184,-111.3529441650155
66.82161538287745,-93.77481343994123,8,66.82209536122706,-93.77737133567038,66.8227880440472,-93.77635523040189,66.8227880440472,-93.77432301986487,66.82209536122706,-93.77330691459636,66.82140265884698,-93.77432301986487,66.82140265884698,-93.77635523040189
77.61770905279676,24.609375,8,77.61799779414096,24.60702128740539,77.61837517109157,24.6080373926739,77.61837517109157,24.61006960321091,77.61799779414096,24.611085708479415,77.61762040586797,24.61006960321091,77.61762040586797,24.6080373926739
74.95939165894974,129.375,8,74.95939479445362,129.37458720723464,74.95985149986014,129.3756033125031,74.95985149986014,129.37763552304014,74.95939479445362,129.37865162830866,74.95893807549893,129.37763552304014,74.95893807549893,129.3756033125031
83.44032649527307,-52.03125,8,83.44032235192313,-52.03373469491438,83.44052340161076,-52.032718589645874,83.44052340161076,-52.030686379108865,83.44032235192313,-52.02967027384035,83.44012129610017,-52.030686379108865,83.44012129610017,-52.032718589645874
80.76061470752451,177.890625,8,80.76072843510799,177.88853325204488,80.7610110037885,177.88954935731343,80.7610110037885,177.89158156785044,80.76072843510799,177.89259767311896,80.76044585786035,177.89158156785044,80.76044585786035,177.88954935731343
82.50466921991138,-178.85293843994123,8,82.50462047799638,-178.8558654676625,82.50485005283097,-178.854849362394,82.50485005283097,-178.85281715185698,82.50462047799638,-178.85180104658843,82.5043908961701,-178.85281715185698,82.5043908961701,-178.854849362394
83.83804706159876,-176.04043843994123,8,83.83815019303304,-176.04226997916984,83.83833909813563,-176.04125387390135,83.83833909813563,-176.03922166336432,83.83815019303304,-176.0382055580958,83.83796128216132,-176.03922166336432,83.83796128216132,-176.04125387390135
84.61492390223334,172.00643656005877,8,84.61506920309284,172.00528374739616,84.61523436528245,172.00629985266465,84.61523436528245,172.0083320632017,84.61506920309284,172.0093481684702,84.61490403585229,172.0083320632017,84.61490403585229,172.00629985266465
85.04923290826919,88.857421875,8,85.04932657519551,88.85637352029673,85.04947845282,88.85738962556522,85.04947845282,88.85942183610224,85.04932657519551,88.86043794137075,85.04917469292309,88.85942183610224,85.04917469292309,88.85738962556522
-85.02070774312593,-80.5078125,9,-85.02069085118825,-80.50873003776526,-85.02063993217948,-80.5083913360091,-85.02063993217948,-80.50771393249677,-85.02069085118825,-80.50737523074059,-85.02074176967764,-80.50771393249677,-85.02074176967764,-80.5083913360091
-85.25894723497555,126.5625,9,-85.25892235752576,126.56133042049821,-85.25887386899761,126.56166912225437,-85.25887386899761,126.5623465257667,-85.25892235752576,126.56268522752286,-85.25897084555913,126.5623465257667,-85.25897084555913,126.56166912225437
-84.9901001802348,124.453125,9,-84.99009715358707,124.45291198834865,-84.9900459225188,124.45325069010481,-84.9900459225188,124.45392809361715,-84.99009715358707,124.45426679537331,-84.99014838413281,124.45392809361715,-84.99014838413281,124.45325069010481
-84.96316466091037,176.7919921875,9,-84.96312883886038,176.7914782638148,-84.96307733272407,176.79181696557094,-84.96307733272407,176.79249436908333,-84.96312883886038,176.7928330708395,-84.96318034447135,176.79249436908333,-84.96318034447135,176.79181696557094
-85.05065487982755,178.5113525390625,9,-85.05064269354392,178.5107283781266,-85.0505920800617,178.51106707988274,-85.0505920800617,178.51174448339512,-85.05064269354392,178.51208318515125,-85.05069330650984,178.51174448339512,-85.05069330650984,178.51106707988274
-85.05065487982755,-177.2314453125,9,-85.05064269354392,-177.231790546834,-85.0505920800617,-177.23145184507783,-85.0505920800617,-177.23077444156547,-85.05064269354392,-177.23043573980934,-85.05069330650984,-177.23077444156547,-85.05069330650984,-177.23145184507783
-78.34941069014627,-12.65625,9,-78.34947806021368,-12.657284628020784,-78.34935959084847,-12.656945926264616,-78.34935959084847,-12.65626852275228,-78.34947806021368,-12.65592982099611,-78.34959652839089,-12.65626852275228,-78.34959652839089,-12.656945926264616
-77.91566898632583,178.59375,9,-77.9155713059442,178.59303290487563,-77.91544848877862,178.5933716066318,-77.91544848877862,178.59404901014415,-77.9155713059442,178.59438771190028,-77.91569412188011,178.59404901014415,-77.91569412188011,178.5933716066318
-78.06198918665973,-175.78125,9,-78.06206919640472,-175.78180832867616,-78.06194784639128,-175.78146962692,-78.06194784639128,-175.78079222340764,-78.06206919640472,-175.78045352165148,-78.06219054520254,-175.78079222340764,-78.06219054520254,-175.78146962692
-48.92249926375824,61.875,9,-48.922643285513075,61.87403681688089,-48.92225781046365,61.874375518637066,-48.92225781046365,61.87505292214939,-48.922643285513075,61.87539162390557,-48.923028757587275,61.87505292214939,-48.923028757587275,61.874375518637066
-47.989921667414166,-99.84375,9,-47.990103953997306,-99.84419719216244,-47.98971133264333,-99.84385849040626,-47.98971133264333,-99.84318108689394,-47.990103953997306,-99.84284238513777,-47.990496572364286,-99.84318108689394,-47.990496572364286,-99.84385849040626
-25.79989118208832,-165.9375,9,-25.800037734013387,-165.93778048739182,-25.79950956221262,-165.93744178563568,-25.79950956221262,-165.9367643821233,-25.800037734013387,-165.93642568036717,-25.800565903460456,-165.9367643821233,-25.800565903460456,-165.93744178563568
-9.797132738815217,-170.64615133056623,9,-9.79704499838907,-170.64742840691628,-9.796466904522738,-170.64708970516014,-9.796466904522738,-170.64641230164779,-9.79704499838907,-170.64607359989162,-9.797623091248223,-170.64641230164779,-9.797623091248223,-170.64708970516014
-6.316766263346645,176.69759866943377,9,-6.316518377294926,176.69698047384378,-6.315935289697232,176.69731917559992,-6.315935289697232,176.69799657911227,-6.316518377294926,176.69833528086843,-6.317101464235773,176.69799657911227,-6.317101464235773,176.69731917559992
-8.407168163601074,-0.703125,9,-8.406852481197332,-0.7038222493183629,-8.406272135737717,-0.7034835475621944,-8.406272135737717,-0.7028061440498572,-8.406852481197332,-0.7024674422936886,-8.407432825788197,-0.7028061440498572,-8.407432825788197,-0.7034835475621944
2.809896281504813,-4.0055263305662265,9,2.810093065032651,-4.006164371962268,2.8106790081006094,-4.005825670206099,2.8106790081006094,-4.005148266693763,2.810093065032651,-4.004809564937593,2.809507121670555,-4.005148266693763,2.809507121670555,-4.005825670206099
9.100638641982364,-61.66177633056623,9,9.100307229345306,-61.662009517519344,9.100886493355757,-61.661670815763166,9.100886493355757,-61.66099341225084,9.100307229345306,-61.66065471049466,9.099727964396807,-61.66099341225084,9.099727964396807,-61.661670815763166
6.315298538330033,177.890625,9,6.315352201442753,177.8898880590696,6.31593528969722,177.89022676082575,6.31593528969722,177.8909041643381,6.315352201442753,177.89124286609427,6.314769112531527,177.8909041643381,6.314769112531527,177.89022676082575
17.977328506752137,-179.43521383056623,9,17.976959432665293,-179.4357228742231,17.977517440660716,-179.43538417246697,17.977517440660716,-179.43470676895458,17.976959432665293,-179.43436806719845,17.97640142290652,-179.43470676895458,17.97640142290652,-179.43538417246697
40.97989806962013,45.3515625,9,40.979941869938415,45.35114904570781,40.98038475251856,45.35148774746398,40.98038475251856,45.35216515097631,40.979941869938415,45.35250385273248,40.97949898438444,45.35216515097631,40.97949898438444,45.35148774746398
36.59788913307022,36.2109375,9,36.5981065089872,36.210266050229485,36.59857749089687,36.21060475198565,36.59857749089687,36.21128215549799,36.5981065089872,36.211620857254154,36.59763552420243,36.21128215549799,36.59763552420243,36.21060475198565
20.960060644697037,127.83041116943377,9,20.960545256071494,127.82942979559348,20.961093083407263,127.82976849734965,20.961093083407263,127.83044590086199,20.960545256071494,127.83078460261815,20.959997426729203,127.83044590086199,20.959997426729203,127.82976849734965
30.447400642478012,151.73666116943377,9,30.44775701988343,151.73635455299842,30.44826276343425,151.73669325475456,30.44826276343425,151.7373706582669,30.44775701988343,151.73770936002308,30.447251273708495,151.7373706582669,30.447251273708495,151.73669325475456
34.884719615800655,138.37728616943377,9,34.88453418992268,138.37660248268386,34.88501542008853,138.37694118444003,34.88501542008853,138.37761858795236,34.88453418992268,138.37795728970852,34.88405295693877,138.37761858795236,34.88405295693877,138.37694118444003
43.32410342218456,142.59603616943377,9,43.32417259153883,142.59547155752003,43.32459936716636,142.59581025927622,43.32459936716636,142.59648766278855,43.32417259153883,142.59682636454468,43.32374581291311,142.59648766278855,43.32374581291311,142.59581025927622
28.612163074991937,-115.09927633056623,9,28.611823502104176,-115.10000169350877,28.61233851040756,-115.09966299175262,28.61233851040756,-115.09898558824027,28.611823502104176,-115.09864688648412,28.611308491275608,-115.09898558824027,28.611308491275608,-115.09966299175262
46.315564263468865,-108.77115133056623,9,46.315519731164905,-108.77169808125456,46.315924920000256,-108.77135937949839,46.315924920000256,-108.77068197598607,46.315519731164905,-108.7703432742299,46.31511453932934,-108.77068197598607,46.31511453932934,-108.77135937949839
66.51326044311185,-76.2890625,9,66.51330668794108,-76.28986096292908,66.51354048749386,-76.28952226117292,66.51354048749386,-76.28884485766059,66.51330668794108,-76.28850615590443,66.51307288619276,-76.28884485766059,66.51307288619276,-76.28952226117292
70.84418808231302,98.29916116943377,9,70.84427362032686,98.29836237700889,70.84446612041246,98.29870107876506,70.84446612041246,98.29937848227739,70.84427362032686,98.29971718403355,70.84408111837944,98.29937848227739,70.84408111837944,98.29870107876506
75.49678751018848,121.50228616943377,9,75.49677307800924,121.50214228860776,75.49691999436016,121.50248099036392,75.49691999436016,121.50315839387625,75.49677307800924,121.50349709563241,75.49662616020197,121.50315839387625,75.49662616020197,121.50248099036392
77.54209596075547,16.875,9,77.54216784091538,16.874798895832278,77.54229439273566,16.87513759758845,77.54229439273566,16.875815001100783,77.54216784091538,16.876153702856953,77.54204128782986,16.875815001100783,77.54204128782986,16.87513759758845
78.49025701498567,27.283536169433773,9,78.49020322752219,27.282765161137384,78.49032028415783,27.283103862893544,78.49032028415783,27.28378126640589,78.49020322752219,27.284119968162052,78.49008616971207,27.28378126640589,78.49008616971207,27.283103862893544
81.5182718765338,173.3203125,9,81.51821910339622,173.31944656133044,81.5183056306498,173.3197852630866,81.5183056306498,173.32046266659896,81.51821910339622,173.3208013683551,81.51813257526642,173.32046266659896,81.51813257526642,173.3197852630866
83.8297867078656,-175.91958883056623,9,83.82976960028402,-175.919998645193,83.82983265460416,-175.91965994343684,83.82983265460416,-175.91898253992449,83.82976960028402,-175.91864383816835,83.82970654532197,-175.91898253992449,83.82970654532197,-175.91965994343684
84.40579709229564,176.34603616943377,9,84.40576083787137,176.3454080509408,84.40581802575272,176.34574675269693,84.40581802575272,176.3464241562093,84.40576083787137,176.34676285796544,84.40570364940729,176.3464241562093,84.40570364940729,176.34574675269693
84.89701560751682,87.40072366943377,9,84.89703001315179,87.39961726701557,84.89708219289405,87.39995596877174,84.89708219289405,87.40063337228406,84.89703001315179,87.40097207404023,84.89697783287734,87.40063337228406,84.89697783287734,87.39995596877174
85.04970694406315,176.890869140625,9,85.04968094908963,176.8900404748599,85.04973157186603,176.89037917661605,85.04973157186603,176.8910565801284,85.04968094908963,176.89139528188457,85.04963032579685,176.8910565801284,85.04963032579685,176.89037917661605
65.94647177615738,-84.375,10,65.94654074919876,-84.37523638560066,65.94662045288891,-84.37512348501527,65.94662045288891,-84.3748976838445,65.94654074919876,-84.37478478325909,65.94646104526021,-84.3748976838445,65.94646104526021,-84.37512348501527
-85.05112877980659,-87.022705078125,10,-85.05111506114845,-87.02286801357067,-85.05109819165126,-87.02275511298527,-85.05109819165126,-87.0225293118145,-85.05111506114845,-87.02241641122909,-85.05113193058828,-87.0225293118145,-85.05113193058828,-87.02275511298527
-85.05018093458115,-74.02587890625,10,-85.05017028096447,-74.02620422586892,-85.05015340825477,-74.02609132528352,-85.05015340825477,-74.02586552411275,-85.05017028096447,-74.02575262352735,-85.05018715361679,-74.02586552411275,-85.05018715361679,-74.02609132528352
-85.14128398117636,110.7421875,10,-85.14129611826941,110.74203909747271,-85.14127955543255,110.74215199805812,-85.14127955543255,110.74237779922888,-85.14129611826941,110.74249069981427,-85.14131268104994,110.74237779922888,-85.14131268104994,110.74215199805812
-85.1114157806266,123.3984375,10,-85.1114082947234,123.39830762022501,-85.11139163024853,123.3984205208104,-85.11139163024853,123.39864632198116,-85.1114082947234,123.39875922256657,-85.11142495914162,123.39864632198116,-85.11142495914162,123.3984205208104
-85.08136441846642,124.1015625,10,-85.08135383503867,124.10145246603102,-85.0813370683637,124.10156536661643,-85.0813370683637,124.10179116778718,-85.08135383503867,124.10190406837259,-85.08137060165663,124.10179116778718,-85.08137060165663,124.10156536661643
-85.05112877980659,116.71875,10,-85.05111506114845,116.71843158506782,-85.05109819165126,116.7185444856532,-85.05109819165126,116.71877028682398,-85.05111506114845,116.71888318740938,-85.05113193058828,116.71877028682398,-85.05113193058828,116.7185444856532
-85.1114157806266,176.484375,10,-85.11142495914163,176.48404996979912,-85.11140829472342,176.4841628703845,-85.11140829472342,176.48438867155528,-85.11142495914163,176.48450157214066,-85.11144162350317,176.48438867155528,-85.11144162350317,176.4841628703845
-85.05112877980659,178.9453125,10,-85.05113193058828,178.94505693012022,-85.05111506114845,178.9451698307056,-85.05111506114845,178.94539563187635,-85.05113193058828,178.94550853246173,-85.05114879997076,178.94539563187635,-85.05114879997076,178.9451698307056
-85.05112877980659,-177.890625,10,-85.05113193058828,-177.89079126375262,-85.05111506114845,-177.89067836316724,-85.05111506114845,-177.89045256199648,-85.05113193058828,-177.8903396614111,-85.05114879997076,-177.89045256199648,-85.05114879997076,-177.89067836316724
-78.20656311074711,179.6484375,10,-78.20657677972487,179.64820177592625,-78.20653681251952,179.64831467651163,-78.20653681251952,179.6485404776824,-78.20657677972487,179.6486533782678,-78.20661674679668,179.6485404776824,-78.20661674679668,179.64831467651163
-76.95198835609855,178.87838480224627,10,-76.95200706545714,178.878332684155,-76.95196291672079,178.87844558474038,-76.95196291672079,178.87867138591116,-76.95200706545714,178.87878428649654,-76.9520512140467,178.87867138591116,-76.9520512140467,178.87844558474038
-76.6712633375603,-173.73880269775373,10,-76.67125372443621,-173.73898513663795,-76.67120864276528,-173.73887223605257,-76.67120864276528,-173.7386464348818,-76.67125372443621,-173.7385335342964,-76.67129880595742,-173.7386464348818,-76.67129880595742,-173.73887223605257
-51.17934297928927,56.6015625,10,-51.17933573700832,56.60124077743341,-51.1792131497957,56.60135367801881,-51.1792131497957,56.601579479189596,-51.17933573700832,56.60169237977499,-51.17945832389497,56.601579479189596,-51.17945832389497,56.60135367801881
-78.420193275912,-14.765625,10,-78.42022813352972,-14.765928861341154,-78.42018888039773,-14.765815960755766,-78.42018888039773,-14.765590159584987,-78.42022813352972,-14.7654772589996,-78.42026738653047,-14.765590159584987,-78.42026738653047,-14.765815960755766
-50.95842672335992,-97.03125,10,-50.95852020163511,-97.03150490835297,-50.95839702816432,-97.03139200776758,-50.95839702816432,-97.03116620659681,-50.95852020163511,-97.0310533060114,-50.958643374779385,-97.03116620659681,-50.958643374779385,-97.03139200776758
-15.961329081596647,-166.9921875,10,-15.961399068408895,-166.99238485551544,-15.961211057757504,-166.99227195493006,-15.961211057757504,-166.99204615375928,-15.961399068408895,-166.9919332531739,-15.961587078883827,-166.99204615375928,-15.961587078883827,-166.99227195493006
-14.569063542697467,176.24166605224627,10,-14.569012270261906,176.24153951238236,-14.56882300845642,176.24165241296774,-14.56882300845642,176.2418782141385,-14.569012270261906,176.24199111472387,-14.569201531904914,176.2418782141385,-14.569201531904914,176.24165241296774
-8.05922962720018,-177.1875,10,-8.059072046057983,-177.18764641794667,-8.058878427698193,-177.18753351736126,-8.058878427698193,-177.1873077161905,-8.059072046057983,-177.18719481560512,-8.059265664325105,-177.1873077161905,-8.059265664325105,-177.18753351736126
10.487811882056683,-174.375,10,10.487900363316644,-174.3750670347226,10.488092645832998,-174.37495413413723,10.488092645832998,-174.37472833296644,10.487900363316644,-174.37461543238106,10.487708080680818,-174.37472833296644,10.487708080680818,-174.37495413413723
17.97873309555617,176.484375,10,17.97881945245889,176.48404996979912,17.97900545336059,176.4841628703845,17.97900545336059,176.48438867155528,17.97881945245889,176.48450157214066,17.978633451361272,176.48438867155528,17.978633451361272,176.4841628703845
3.8642546157214084,-61.171875,10,3.8640599125684596,-61.17213387751416,3.86425501756247,-61.17202097692876,3.86425501756247,-61.171795175757985,3.8640599125684596,-61.17168227517259,3.8638648075295903,-61.171795175757985,3.8638648075295903,-61.17202097692876
0,-4.21875,10,0,-4.219094876006932,0.00019554955008733478,-4.218981975421542,0.00019554955008733478,-4.218756174250763,0,-4.218643273665373,-0.000195549550100057,-4.218756174250763,-0.000195549550100057,-4.218981975421542
2.848301563708052,8.194791052246273,10,2.848178749868688,8.194663189328637,2.8483740578413346,8.194776089914026,2.8483740578413346,8.195001891084804,2.848178749868688,8.195114791670193,2.8479834418629126,8.195001891084804,2.8479834418629126,8.194776089914026
-3.8642546157213955,6.6796875,10,-3.864255017562445,6.6796502339864645,-3.8640599125684343,6.679763134571854,-3.8640599125684343,6.679988935742633,-3.864255017562445,6.6801018363280225,-3.8644501225115717,6.679988935742633,-3.8644501225115717,6.679763134571854
17.308687886770034,178.9453125,10,17.30870660678111,178.94505693012022,17.308893300892322,178.9451698307056,17.308893300892322,178.94539563187635,17.30870660678111,178.94550853246173,17.308519912480325,178.94539563187635,17.308519912480325,178.9451698307056
20.74959624356506,-179.58352926025373,10,20.74948304262503,-179.58362264108337,20.749665908409092,-179.583509740498,20.749665908409092,-179.58328393932723,20.74948304262503,-179.58317103874185,20.74930017661984,-179.58328393932723,20.74930017661984,-179.583509740498
21.779905342529645,129.375,10,21.779824960432745,129.37470010782002,21.78000655086354,129.37481300840543,21.78000655086354,129.3750388095762,21.779824960432745,129.37515171016162,21.779643369771993,129.3750388095762,21.779643369771993,129.37481300840543
27.326543260529995,139.10787698974627,10,27.326562730623966,139.1076337730811,27.326736457588922,139.1077466736665,27.326736457588922,139.10797247483725,27.326562730623966,139.10808537542263,27.326389003386808,139.10797247483725,27.326389003386808,139.1077466736665
34.69976336974951,141.56881448974627,10,34.69969443229734,141.5686407334022,34.699855202632214,141.5687536339876,34.699855202632214,141.56897943515835,34.69969443229734,141.56909233574376,34.69953366165012,141.56897943515835,34.69953366165012,141.5687536339876
43.28812706641589,142.97506448974627,10,43.28817039237172,142.97493042501426,43.28831273552685,142.97504332559964,43.28831273552685,142.97526912677043,43.28817039237172,142.97538202735583,43.28802804888344,142.97526912677043,43.28802804888344,142.97504332559964
30.858527238035272,152.64303323974627,10,30.858393806487317,152.64283335309094,30.858561673425914,152.6429462536763,30.858561673425914,152.64317205484707,30.858393806487317,152.64328495543248,30.85822593925486,152.64317205484707,30.85822593925486,152.6429462536763
40.17887331434696,31.2890625,10,40.17883606392535,31.288703731928845,40.17898547034325,31.288816632514234,40.17898547034325,31.289042433685015,40.17883606392535,31.2891553342704,40.17868665717846,31.289042433685015,40.17868665717846,31.288816632514234
45.91573852227541,43.48287698974627,10,45.91563178433442,43.482644357511006,45.91576783128412,43.4827572580964,45.91576783128412,43.482983059267184,45.91563178433442,43.48309595985257,45.915495737051224,43.482983059267184,45.915495737051224,43.4827572580964
27.839076094777816,-115.83984375,10,27.839078765848246,-115.84029083190795,27.839251682877546,-115.84017793132256,27.839251682877546,-115.83995213015179,27.839078765848246,-115.8398392295664,27.838905848543334,-115.83995213015179,27.838905848543334,-115.84017793132256
47.989921667414166,-108.28125,10,47.989842206759874,-108.28148373949323,47.98997308054451,-108.28137083890782,47.98997308054451,-108.28114503773706,47.989842206759874,-108.28103213715166,47.98971133264332,-108.28114503773706,47.98971133264332,-108.28137083890782
67.7427590666639,-72.7734375,10,67.74277620854207,-72.77368513155741,67.74285027581018,-72.77357223097202,67.74285027581018,-72.77334642980124,67.74277620854207,-72.77323352921584,67.74270214104,-72.77334642980124,67.74270214104,-72.77357223097202
71.30079291637452,-85.95703125,10,71.30076217120535,-85.95731228866424,71.3008248643661,-85.95719938807883,71.3008248643661,-85.95697358690806,71.30076217120535,-85.95686068632268,71.30069947784189,-85.95697358690806,71.30069947784189,-85.95719938807883
76.63922560965885,17.40234375,10,76.63925321468737,17.402270430772187,76.63929840247664,17.40238333135758,76.63929840247664,17.402609132528358,76.63925321468737,17.402722033113747,76.63920802674802,17.402609132528358,76.63920802674802,17.40238333135758
78.48038815858817,21.158658239746273,10,78.48040532816347,21.15847290668202,78.4804443799395,21.158585807267407,78.4804443799395,21.158811608438192,78.48040532816347,21.158924509023578,78.48036627625685,21.158811608438192,78.48036627625685,21.158585807267407
75.40885422846455,127.6171875,10,75.40885284001867,127.61683799330497,75.40890210274736,127.61695089389038,75.40890210274736,127.61717669506113,75.40885284001867,127.61728959564654,75.40880357712722,127.61717669506113,75.40880357712722,127.61695089389038
80.13996914990166,178.48287698974627,10,80.13997185555716,178.48272903295003,80.14000534175906,178.4828419335354,80.14000534175906,178.48306773470617,80.13997185555716,178.48318063529155,80.13993836924269,178.48306773470617,80.13993836924269,178.4828419335354
82.41891476310745,-179.40774801025373,10,82.4189123646549,-179.40783642963189,82.41893816330686,-179.4077235290465,82.41893816330686,-179.40749772787575,82.4189123646549,-179.40738482729037,82.4188865659156,-179.40749772787575,82.4188865659156,-179.4077235290465
84.38379917653626,-179.40774801025373,10,84.38379583319873,-179.40817513138808,84.38381497049824,-179.4080622308027,84.38381497049824,-179.40783642963194,84.38379583319873,-179.40772352904654,84.38377669583426,-179.40783642963194,84.38377669583426,-179.4080622308027
85.0511287798066,89.06478881835938,10,85.05113193058828,89.06444929916961,85.05114879997073,89.06456219975502,85.05114879997073,89.06478800092577,85.05113193058828,89.06490090151118,85.05111506114844,89.06478800092577,85.05111506114844,89.06456219975502
-85.02070774312593,-85.4296875,11,-85.02070782407576,-85.42980312019586,-85.020702166453,-85.42976548666738,-85.020702166453,-85.42969021961048,-85.02070782407576,-85.429652586082,-85.0207134816921,-85.42969021961048,-85.0207134816921,-85.42976548666738
-85.02070774312593,114.2578125,11,-85.02070782407576,114.25768805944595,-85.020702166453,114.25772569297443,-85.020702166453,114.25780096003135,-85.02070782407576,114.25783859355981,-85.0207134816921,114.25780096003135,-85.0207134816921,114.25772569297443
-85.02070774312593,177.890625,11,-85.02070782407576,177.89049019552508,-85.020702166453,177.89052782905353,-85.020702166453,177.89060309611045,-85.02070782407576,177.8906407296389,-85.0207134816921,177.89060309611045,-85.0207134816921,177.89052782905353
-85.08136441846642,-178.9453125,11,-85.08135942391766,-178.9453579983479,-85.08135383503867,-178.94532036481945,-85.08135383503867,-178.9452450977625,-85.08135942391766,-178.94520746423407,-85.08136501279033,-178.9452450977625,-85.08136501279033,-178.94532036481945
-85.08136441846642,-178.9453125,11,-85.08135942391766,-178.9453579983479,-85.08135383503867,-178.94532036481945,-85.08135383503867,-178.9452450977625,-85.08135942391766,-178.94520746423407,-85.08136501279033,-178.9452450977625,-85.08136501279033,-178.94532036481945
-85.05112877980659,-179.296875,11,-85.05113193058828,-179.29693042125086,-85.05112630744804,-179.29689278772244,-85.05112630744804,-179.29681752066548,-85.05113193058828,-179.29677988713706,-85.05113755372214,-179.29681752066548,-85.05113755372214,-179.29689278772244
-78.20656311074711,-13.0078125,11,-78.20655013493614,-13.007916212712221,-78.20653681251952,-13.00787857918376,-78.20653681251952,-13.00780331212683,-78.20655013493614,-13.00776567859837,-78.20656345733792,-13.00780331212683,-78.20656345733792,-13.00787857918376
-77.69287033641926,174.0234375,11,-77.69287316941559,174.02330644417728,-77.69285927548744,174.02334407770573,-77.69285927548744,174.02341934476266,-77.69287316941559,174.0234569782911,-77.6928870633283,174.02341934476266,-77.6928870633283,174.02334407770573
-77.28204307452988,-177.18988302001935,11,-77.28205417737901,-177.18997969671142,-77.28203982717953,-177.18994206318294,-77.28203982717953,-177.189866796126,-77.28205417737901,-177.18982916259756,-77.28206852756257,-177.189866796126,-77.28206852756257,-177.18994206318294
-53.330872983017045,-102.65625,11,-53.33088399648075,-102.65628733951655,-53.33084506952991,-102.6562497059881,-53.33084506952991,-102.65617443893117,-53.33088399648075,-102.65613680540271,-53.33092292339606,-102.65617443893117,-53.33092292339606,-102.6562497059881
-47.75409797968002,62.578125,11,-47.75412569895255,62.57800960031312,-47.754081875399635,62.57804723384159,-47.754081875399635,62.578122500898516,-47.75412569895255,62.57816013442698,-47.75416952246855,62.578122500898516,-47.75416952246855,62.57804723384159
-20.3034175184893,-168.046875,11,-20.303430659643794,-168.04695159011067,-20.303369526399507,-168.04691395658222,-20.303369526399507,-168.04683868952526,-20.303430659643794,-168.04680105599684,-20.30349179286396,-168.04683868952526,-20.30349179286396,-168.04691395658222
-10.351498489623582,-177.89300802001935,11,-10.351477994498591,-177.8931245425174,-10.35141387223054,-177.89308690898895,-10.35141387223054,-177.89301164193202,-10.351477994498591,-177.89297400840357,-10.351542116753514,-177.89301164193202,-10.351542116753514,-177.89308690898895
-3.3750724311904046,-177.89300802001935,11,-3.375121887678373,-177.8931245425174,-3.3750568175540354,-177.89308690898895,-3.3750568175540354,-177.89301164193202,-3.375121887678373,-177.89297400840357,-3.3751869577983347,-177.89301164193202,-3.3751869577983347,-177.89308690898895
4.002527103350086,-177.89300802001935,11,4.002573029443388,-177.8931245425174,4.002638053636955,-177.89308690898895,4.002638053636955,-177.89301164193202,4.002573029443388,-177.89297400840357,4.002508005244657,-177.89301164193202,4.002508005244657,-177.89308690898895
20.05593126519445,179.912109375,11,20.055949967828006,179.91208807751002,20.05601119817297,179.91212571103847,20.05601119817297,179.9122009780954,20.055949967828006,179.91223861162385,20.055888737459156,179.9122009780954,20.055888737459156,179.91212571103847
18.56294744288831,178.41796875,11,18.562938073608677,178.41784882987952,18.562999865595188,178.41788646340797,18.562999865595188,178.4179617304649,18.562938073608677,178.41799936399335,18.562876281599774,178.4179617304649,18.562876281599774,178.41788646340797
22.105998799750566,128.232421875,11,22.106011968040367,128.23240961837723,22.10607235953952,128.2324472519057,22.10607235953952,128.2325225189626,22.106011968040367,128.2325601524911,22.105951576515338,128.2325225189626,22.105951576515338,128.2324472519057
26.947688436082007,146.15972635498065,11,26.947715856243768,146.15966777121074,26.947773961850345,146.1597054047392,26.947773961850345,146.15978067179614,26.947715856243768,146.1598183053246,26.947657750607217,146.15978067179614,26.947657750607217,146.1597054047392
29.88461929615859,153.10308572998065,11,29.88465654326071,153.10305377266718,29.884713059033853,153.1030914061956,29.884713059033853,153.10316667325256,29.88465654326071,153.10320430678098,29.884600027455534,153.10316667325256,29.884600027455534,153.1030914061956
32.99023555965106,139.74609375,11,32.99019885298108,139.74601131640202,32.9902535262537,139.7460489499305,32.9902535262537,139.74612421698743,32.99019885298108,139.74616185051588,32.990144179674616,139.74612421698743,32.990144179674616,139.7460489499305
36.00125691778753,137.72222635498065,11,36.00128269884677,137.7221554227092,36.001335432274466,137.72219305623767,36.001335432274466,137.72226832329457,36.00128269884677,137.72230595682305,36.001229965383814,137.72226832329457,36.001229965383814,137.72219305623767
43.32517767999296,141.6796875,11,43.3251683966725,141.67965964236856,43.325215815557414,141.67969727589704,43.325215815557414,141.67977254295394,43.3251683966725,141.67981017648242,43.325120977750565,141.67977254295394,43.325120977750565,141.67969727589704
38.8225909761771,38.671875,11,38.822566699114795,38.67176224642058,38.82261748273525,38.67179987994904,38.82261748273525,38.67187514700597,38.822566699114795,38.671912780534434,38.82251591545811,38.67187514700597,38.82251591545811,38.67179987994904
28.116713872100473,-113.82074239501935,11,28.116657500149646,-113.8208004275169,28.11671499104312,-113.82076279398842,28.11671499104312,-113.82068752693152,28.116657500149646,-113.82064989340304,28.116600009225362,-113.82068752693152,28.116600009225362,-113.82076279398842
46.41222705726201,-106.08636739501935,11,46.412184656537704,-106.0864329248214,46.41222959807684,-106.08639529129293,46.41222959807684,-106.08632002423602,46.412184656537704,-106.08628239070754,46.41213971496152,-106.08632002423602,46.41213971496152,-106.08639529129293
66.23145747862573,-80.15625,11,66.23147555689935,-80.15632967723606,66.23150182848539,-80.15629204370758,66.23150182848539,-80.15621677665068,66.23147555689935,-80.1561791431222,66.23144928528593,-80.15621677665068,66.23144928528593,-80.15629204370758
77.157162522661,18.28125,11,77.15715356553575,18.281126220972784,77.1571680542934,18.281163854501244,77.1571680542934,18.281239121558176,77.15715356553575,18.281276755086637,77.15713907676202,18.281239121558176,77.15713907676202,18.281163854501244
75.14077784070429,120.9375,11,75.14076576175513,120.93745119401778,75.14078247765745,120.93748882754623,75.14078247765745,120.93756409460316,75.14076576175513,120.93760172813164,75.14074904583438,120.93756409460316,75.14074904583438,120.93748882754623
81.06018065538063,170.94488260498065,11,81.06017353309196,170.94484618236078,81.0601836623628,170.94488381588923,81.0601836623628,170.94495908294616,81.06017353309196,170.9449967164746,81.06016340380974,170.94495908294616,81.06016340380974,170.94488381588923
81.48680323045866,-179.91449239501935,11,81.48680964730961,-179.91460952391705,81.48681929683319,-179.9145718903886,81.48681929683319,-179.91449662333167,81.48680964730961,-179.91445898980322,81.48679999777518,-179.91449662333167,81.48679999777518,-179.9145718903886
83.54985076685978,-178.2421875,11,83.54984670370604,-178.24221315254184,83.54985402630082,-178.2421755190134,83.54985402630082,-178.24210025195646,83.54984670370604,-178.242062618428,83.54983938110296,-178.24210025195646,83.54983938110296,-178.2421755190134
84.73838712095339,172.353515625,11,84.73838771967269,172.35350678626602,84.73839369719138,172.35354441979447,84.73839369719138,172.3536196868514,84.73838771967269,172.35365732037985,84.7383817421472,172.3536196868514,84.7383817421472,172.35354441979447
85.05041791286303,88.1597900390625,11,85.05041774078215,88.15970164138632,85.0504233647255,88.1597392749148,85.0504233647255,88.15981454197171,85.05041774078215,88.15985217550018,85.05041211683243,88.15981454197171,85.05041211683243,88.1597392749148
-85.05065487982755,-79.82666015625,12,-85.0506539409143,-79.82668505691761,-85.05065206635435,-79.82667251240812,-85.05065206635435,-79.82664742338915,-85.0506539409143,-79.82663487887966,-85.05065581547356,-79.82664742338915,-85.05065581547356,-79.82667251240812
-85.05112877980659,120.706787109375,12,-85.05112818182883,120.70677020904796,-85.05112630744804,120.70678275355745,-85.05112630744804,120.70680784257641,-85.05112818182883,120.70682038708593,-85.0511300562089,120.70680784257641,-85.0511300562089,120.70678275355745
-85.05207644397981,178.868408203125,12,-85.05207465365511,178.86837234362173,-85.0520727796319,178.86838488813123,-85.0520727796319,178.86840997715018,-85.05207465365511,178.86842252165965,-85.05207652767761,178.86840997715018,-85.05207652767761,178.86838488813123
-85.05112877980659,178.934326171875,12,-85.05113005620892,178.93430628548924,-85.05112818182883,178.93431882999872,-85.05112818182883,178.93434391901766,-85.05113005620892,178.93435646352714,-85.05113193058828,178.93434391901766,-85.05113193058828,178.93431882999872
-85.05112877980659,-178.253173828125,12,-85.05113005620892,-178.25318959834362,-85.05112818182883,-178.25317705383415,-85.05112818182883,-178.2531519648152,-85.05113005620892,-178.25313942030573,-85.05113193058828,-178.2531519648152,-85.05113193058828,-178.25317705383415
-79.44522664358297,-13.702334191894394,12,-79.4452281268277,-13.70235516893378,-79.44522414684207,-13.702342624424292,-79.44522414684207,-13.702317535405315,-79.4452281268277,-13.702304990895827,-79.44523210681184,-13.702317535405315,-79.44523210681184,-13.702342624424292
-77.91566898632583,172.96875,12,-77.91566682955617,172.96871462056313,-77.91566228082961,172.96872716507258,-77.91566228082961,172.96875225409156,-77.91566682955617,172.96876479860106,-77.91567137828105,172.96875225409156,-77.91567137828105,172.96872716507258
-76.18499546094715,-179.296875,12,-76.18499280856993,-179.29691787674145,-76.18498762025237,-179.29690533223194,-76.18498762025237,-179.296880243213,-76.18499280856993,-179.29686769870352,-76.18499799688558,-179.296880243213,-76.18499799688558,-179.29690533223194
-57.36436751908976,-102.9992091918944,12,-57.364360717067306,-102.99922913989197,-57.36434899941688,-102.99921659538248,-57.36434899941688,-102.99919150636352,-57.364360717067306,-102.99917896185403,-57.364372434713985,-102.99919150636352,-57.364372434713985,-102.99921659538248
-49.837982453084834,61.875,12,-49.83799142160031,61.87499019960196,-49.837977408276515,61.87500274411145,-49.837977408276515,61.87502783313042,-49.83799142160031,61.87504037763991,-49.83800543492002,61.87502783313042,-49.83800543492002,61.87500274411145
-27.74562238880946,-162.06170919189435,12,-27.745624883854536,-162.06174031234573,-27.745605654309884,-162.06172776783623,-27.745605654309884,-162.06170267881728,-27.745624883854536,-162.0616901343078,-27.745644113395777,-162.06170267881728,-27.745644113395777,-162.06172776783623
-13.308212759686633,177.5476658081056,12,-13.30821393540185,177.54766129573494,-13.308192791152074,177.5476738402444,-13.308192791152074,177.5476989292634,-13.30821393540185,177.54771147377286,-13.308235079649771,177.5476989292634,-13.308235079649771,177.5476738402444
-2.881425891238504,-178.23358419189435,12,-2.881445728338333,-178.23362016354278,-2.881424028080958,-178.23360761903328,-2.881424028080958,-178.23358253001433,-2.881445728338333,-178.23356998550486,-2.8814674285953137,-178.23358253001433,-2.8814674285953137,-178.23360761903328
10.4188347787547,-175.42108419189435,12,10.418820497790831,-175.42111604737562,10.418841867273738,-175.42110350286612,10.418841867273738,-175.42107841384717,10.418820497790831,-175.4210658693377,10.418799128306475,-175.42107841384717,10.418799128306475,-175.42110350286612
13.855313517221834,176.1414158081056,12,13.855307445928876,176.14137160412292,13.855328541456423,176.14138414863237,13.855328541456423,176.14140923765135,13.855307445928876,176.14142178216085,13.855286350399384,176.14140923765135,13.855286350399384,176.14138414863237
-5.615985819155327,4.921875,12,-5.615990333705467,4.92183829750935,-5.61596871026761,4.921850842018838,-5.61596871026761,4.921875931037814,-5.615990333705467,4.921888475547301,-5.616011957142535,4.921875931037814,-5.616011957142535,4.921850842018838
4.845945917726586,0.36016580810560583,12,4.845926929147412,0.36012777837364207,4.845948579208319,0.3601403228831298,4.845948579208319,0.3601654119021052,4.845926929147412,0.36017795641159295,4.845905279085793,0.3601654119021052,4.845905279085793,0.3601403228831298
3.5134210456400443,-59.765625,12,3.513407610346112,-59.765643473750316,3.5134292972360606,-59.76563092924083,3.5134292972360606,-59.76560584022186,3.513407610346112,-59.765593295712364,3.5133859234556666,-59.76560584022186,3.5133859234556666,-59.76563092924083
35.40351865149676,44.657040808105606,12,35.40352041394839,44.65701115771397,35.4035381240479,44.65702370222345,35.4035381240479,44.657048791242424,35.40352041394839,44.65706133575191,35.403502703844964,44.657048791242424,35.403502703844964,44.65702370222345
22.59372606392931,128.3203125,12,22.593728295005608,128.3202964518482,22.59374835517831,128.3203089963577,22.59374835517831,128.32033408537666,22.593728295005608,128.32034662988616,22.593708234829982,128.32033408537666,22.593708234829982,128.3203089963577
28.860219752558816,144.8523533081056,12,28.860201911665968,144.85232917043786,28.86022094080837,144.85234171494736,28.86022094080837,144.8523668039663,28.860201911665968,144.8523793484758,28.860182882520053,144.8523668039663,28.860182882520053,144.85234171494736
29.47418457855351,153.9929783081056,12,29.47417206661665,153.99294873121696,29.474190982287624,153.99296127572643,29.474190982287624,153.9929863647454,29.47417206661665,153.99299890925488,29.474153150942136,153.9929863647454,29.474153150942136,153.99296127572643
42.5013892782751,143.0945408081056,12,42.50140031192325,143.09450468945127,42.50141633092372,143.09451723396077,42.50141633092372,143.09454232297972,42.50140031192325,143.09455486748922,42.50138429291869,143.09454232297972,42.50138429291869,143.09451723396077
26.36840163579232,-113.89764669189435,12,26.368400819214855,-113.8976731816577,26.36842028631964,-113.8976606371482,26.36842028631964,-113.89763554812924,26.368400819214855,-113.89762300361976,26.36838135210679,-113.89763554812924,26.36838135210679,-113.8976606371482
43.52955855271223,-107.92108419189435,12,43.52956234887475,-107.92109252642032,43.52957810189057,-107.92107998191084,43.52957810189057,-107.92105489289187,43.52956234887475,-107.92104234838237,43.52954659585481,-107.92105489289187,43.52954659585481,-107.92107998191084
66.37275500247456,-76.9921875,12,66.37275241126041,-76.9922029601279,66.37276111940135,-76.9921904156184,66.37276111940135,-76.99216532659945,66.37275241126041,-76.99215278208995,66.37274370311644,-76.99216532659945,66.37274370311644,-76.9921904156184
74.4964131169431,116.71875,12,74.49641524173614,116.7187075642765,74.49642104952771,116.71872010878602,74.49642104952771,116.71874519780496,74.49641524173614,116.71875774231447,74.4964094339424,116.71874519780496,74.4964094339424,116.71872010878602
77.157162522661,18.6328125,12,77.15715839512343,18.63278645544222,77.15716322470934,18.632798999951707,77.15716322470934,18.63282408897068,77.15715839512343,18.63283663348017,77.15715356553575,18.63282408897068,77.15715356553575,18.632798999951707
82.1183836069127,-43.59375,12,82.11838119136954,-43.59376362255327,82.1183841708221,-43.59375107804378,82.1183841708221,-43.593725989024804,82.11838119136954,-43.593713444515316,82.11837821191578,-43.593725989024804,82.11837821191578,-43.59375107804378
82.26169873683153,175.078125,12,82.26169903937593,175.0781115244527,82.26170196498363,175.07812406896218,82.26170196498363,175.07814915798116,82.26169903937593,175.07816170249063,82.26169611376713,175.07814915798116,82.26169611376713,175.07812406896218
82.29949965286332,-179.99139669189435,12,82.29949945404425,-179.9914446445293,82.29950236544717,-179.99143210001984,82.29950236544717,-179.9914070110009,82.29949945404425,-179.99139446649139,82.29949654264023,-179.9914070110009,82.29949654264023,-179.99143210001984
84.11778923555221,-177.53045919189435,12,84.11778702185453,-177.53047531773674,84.11778924859281,-177.53046277322724,84.11778924859281,-177.5304376842083,84.11778702185453,-177.53042513969882,84.11778479511544,-177.5304376842083,84.11778479511544,-177.53046277322724
84.76413141109205,178.9539158081056,12,84.76413166644133,178.95387572029003,84.76413364922664,178.9538882647995,84.76413364922664,178.95391335381848,84.76413166644133,178.95392589832795,84.76412968365528,178.95391335381848,84.76412968365528,178.9538882647995
85.05089183547521,88.98101806640625,12,85.05089012980277,88.98099067754777,85.0508920042728,88.98100322205727,85.0508920042728,88.98102831107622,85.05089012980277,88.98104085558572,85.05088825533208,88.98102831107622,85.05088825533208,88.98100322205727
-85.02070774312593,-79.453125,13,-85.02070782407576,-79.45313047188891,-85.02070719545132,-79.45312629038575,-85.02070719545132,-79.45311792737941,-85.02070782407576,-79.45311374587625,-85.0207084527001,-79.45311792737941,-85.0207084527001,-79.45312629038575
-84.9901001802348,113.5546875,13,-84.99010031598158,113.55467284023791,-84.99009968350283,113.55467702174109,-84.99009968350283,113.5546853847474,-84.99010031598158,113.55468956625057,-84.99010094846024,113.5546853847474,-84.99010094846024,113.55467702174109
-85.05397122930692,179.6044921875,13,-85.05397142670377,179.60448834186468,-85.05397080226831,179.60449252336787,-85.05397080226831,179.60450088637415,-85.05397142670377,179.6045050678773,-85.05397205113914,179.60450088637415,-85.05397205113914,179.60449252336787
-85.05302392713516,179.6044921875,13,-85.05302344313857,179.60448834186468,-85.05302281858373,179.60449252336787,-85.05302281858373,179.60450088637415,-85.05302344313857,179.6045050678773,-85.05302406769333,179.60450088637415,-85.05302406769333,179.60449252336787
-85.05207644397981,179.769287109375,13,-85.05207652767761,179.76927301849543,-85.05207590300351,179.7692771999986,-85.05207590300351,179.7692855630049,-85.05207652767761,179.7692897445081,-85.05207715235161,179.7692855630049,-85.05207715235161,179.7692771999986
-85.05207644397981,179.813232421875,13,-85.05207652767761,179.81322897974042,-85.05207590300351,179.8132331612436,-85.05207590300351,179.81324152424992,-85.05207652767761,179.8132457057531,-85.05207715235161,179.81324152424992,-85.05207715235161,179.8132331612436
-85.05018093458115,179.813232421875,13,-85.05018090449299,179.81322897974042,-85.05018027958018,179.8132331612436,-85.05018027958018,179.81324152424992,-85.05018090449299,179.8132457057531,-85.05018152940572,179.81324152424992,-85.05018152940572,179.8132331612436
-85.05207644397981,-179.0496826171875,13,-85.05207652767761,-179.0496865022542,-85.05207590300351,-179.049682320751,-85.05207590300351,-179.0496739577447,-85.05207652767761,-179.0496697762415,-85.05207715235161,-179.0496739577447,-85.05207715235161,-179.049682320751
-85.05112877980659,-179.044189453125,13,-85.05112880662227,-179.04420455160803,-85.05112818182883,-179.04420037010485,-85.05112818182883,-179.04419200709856,-85.05112880662227,-179.04418782559537,-85.05112943141563,-179.04419200709856,-85.05112943141563,-179.04420037010485
-77.50411917973987,177.36328125,13,-77.50412004123892,177.36327373227803,-77.50411847416694,177.36327791378122,-77.50411847416694,177.3632862767875,-77.50412004123892,177.3632904582907,-77.5041216083107,177.3632862767875,-77.5041216083107,177.36327791378122
-75.97257944809174,-179.84857442626935,13,-75.97257900135347,-179.84858358897998,-75.97257724585262,-179.8485794074768,-75.97257724585262,-179.8485710444705,-75.97257900135347,-179.84856686296732,-75.97258075685409,-179.8485710444705,-75.97258075685409,-179.8485794074768
-78.9039293885709,-12.3046875,13,-78.90392851824576,-12.304691918346133,-78.90392712437801,-12.304687736842972,-78.90392712437801,-12.304679373836645,-78.90392851824576,-12.304675192333484,-78.90392991211333,-12.304679373836645,-78.90392991211333,-12.304687736842972
-49.837982453084834,-97.3828125,13,-49.83798675049283,-97.38282225956306,-49.837982079384886,-97.3828180780599,-49.837982079384886,-97.38280971505354,-49.83798675049283,-97.38280553355038,-49.83799142160031,-97.38280971505354,-49.83799142160031,-97.3828180780599
-47.279229002570816,61.5234375,13,-47.27922833623412,61.52343450271158,-47.27922342268166,61.52343868421474,-47.27922342268166,61.523447047221076,-47.27922833623412,61.52345122872423,-47.27923324978613,61.523447047221076,-47.27923324978613,61.52343868421474
-22.593726063929296,-166.2890625,13,-22.593728295005608,-166.28907274958297,-22.593721608280713,-166.2890685680798,-22.593721608280713,-166.2890602050735,-22.593728295005608,-166.28905602357034,-22.593734981730147,-166.2890602050735,-22.593734981730147,-166.2890685680798
-11.523087506868512,178.2421875,13,-11.523081594188353,178.2421797005166,-11.523074497591445,178.2421838820198,-11.523074497591445,178.24219224502608,-11.523081594188353,178.24219642652926,-11.523088690785071,178.24219224502608,-11.523088690785071,178.2421838820198
-2.460181181020993,-179.296875,13,-2.460176832420581,-179.29688860621934,-2.460169596520136,-179.29688442471615,-2.460169596520136,-179.29687606170984,-2.460176832420581,-179.29687188020665,-2.460184068321001,-179.29687606170984,-2.460184068321001,-179.29688442471615
9.449061826881419,-179.296875,13,9.449059554640053,-179.29688860621928,9.449066698948297,-179.2968844247161,9.449066698948297,-179.2968760617098,9.449059554640053,-179.29687188020662,9.449052410331669,-179.2968760617098,9.449052410331669,-179.2968844247161
20.632784250388028,179.296875,13,20.63278322541268,179.29687188020662,20.632790003435638,179.2968760617098,20.632790003435638,179.2968844247161,20.63278322541268,179.29688860621928,20.632776447389414,179.2968844247161,20.632776447389414,179.2968760617098
3.5134210456400443,-60.8203125,13,3.5134220682727992,-60.82031892742772,3.513429297236073,-60.82031474592456,3.513429297236073,-60.82030638291824,3.5134220682727992,-60.820302201415075,3.5134148393095,-60.82030638291824,3.5134148393095,-60.82031474592456
-0.3515602939922709,-3.1640625,13,-0.35155967220222734,-3.164072357567026,-0.35155242976262524,-3.164068176063864,-0.35155242976262524,-3.164059813057538,-0.35155967220222734,-3.1640556315543757,-0.3515669146418167,-3.164059813057538,-0.3515669146418167,-3.164068176063864
0.3555766933805418,6.303769323730606,13,0.3555792253075448,6.303758188689913,0.35558646774400454,6.303762370193076,0.35558646774400454,6.3037707331994,0.3555792253075448,6.303774914702564,0.3555719828710978,6.3037707331994,0.3555719828710978,6.303762370193076
31.353636941500987,137.4609375,13,31.353642691994537,137.46093273863994,31.35364887695183,137.4609369201431,31.35364887695183,137.46094528314944,31.353642691994537,137.4609494646526,31.353636507036835,137.46094528314944,31.353636507036835,137.4609369201431
22.59372606392931,129.375,13,22.593721608280713,129.37499281304144,22.593728295005608,129.3749969945446,22.593728295005608,129.37500535755095,22.593721608280713,129.3750095390541,22.593714921555527,129.37500535755095,22.593714921555527,129.3749969945446
29.23239505219198,153.6084568237306,13,29.232394838443412,153.60845115241182,29.232401158648884,153.608455333915,29.232401158648884,153.6084636969213,29.232394838443412,153.60846787842448,29.23238851823756,153.6084636969213,29.23238851823756,153.608455333915
42.814468134371985,142.0068943237306,13,42.81446731196281,142.0068873538591,42.81447262481412,142.00689153536226,42.81447262481412,142.00689989836863,42.81446731196281,142.0069040798718,42.81446199911104,142.00689989836863,42.81446199911104,142.00689153536226
42.5530802889558,38.671875,13,42.55307759789627,38.671866783999654,42.55308293314805,38.67187096550281,42.55308293314805,38.67187932850914,42.55307759789627,38.6718835100123,42.55307226264403,38.67187932850914,42.55307226264403,38.67187096550281
27.997947874626394,-116.7431056762694,13,27.997949854465656,-116.74311499823648,27.997956249402097,-116.7431108167333,27.997956249402097,-116.74310245372698,27.997949854465656,-116.74309827222382,27.997943459528827,-116.74310245372698,27.997943459528827,-116.7431108167333
46.31935818342445,-108.3056056762694,13,46.3193563989732,-108.30561519424444,46.319361400972035,-108.30561101274125,46.319361400972035,-108.30560264973494,46.3193563989732,-108.30559846823176,46.31935139697383,-108.30560264973494,46.31935139697383,-108.30561101274125
66.93006025862448,-80.5078125,13,66.93005958856028,-80.507822651579,66.93006242659602,-80.50781847007583,66.93006242659602,-80.5078101070695,66.93005958856028,-80.50780592556634,66.93005675052422,-80.5078101070695,66.93005675052422,-80.50781847007583
76.9206135182968,20.7421875,13,76.92061301619422,20.742174996325517,76.9206146551955,20.74217917782868,76.9206146551955,20.742187540835,76.92061301619422,20.74219172233817,76.92061137719274,20.742187540835,76.92061137719274,20.74217917782868
75.14077784070429,121.2890625,13,75.14077876301411,121.2890528874429,75.1407806203359,121.28905706894608,75.1407806203359,121.28906543195242,75.14077876301411,121.28906961345558,75.14077690569208,121.28906543195242,75.14077690569208,121.28905706894608
82.58610635020881,-40.4296875,13,82.5861070130518,-40.42969544648942,82.58610794760516,-40.42969126498626,82.58610794760516,-40.42968290197993,82.5861070130518,-40.42967872047677,82.58610607849833,-40.42968290197993,82.58610607849833,-40.42969126498626
81.92318632602199,168.75,13,81.92318725325978,168.74998771683454,81.92318827084571,168.74999189833773,81.92318827084571,168.750000261344,81.92318725325978,168.7500044428472,81.9231862356737,168.750000261344,81.9231862356737,168.74999189833773
82.1664460084773,-172.6171875,13,82.16644549708819,-172.61720073870438,82.16644648422057,-172.6171965572012,82.16644648422057,-172.6171881941949,82.16644549708819,-172.61718401269172,82.1664445099557,-172.6171881941949,82.1664445099557,-172.6171965572012
83.90548439564024,-179.32123067626938,13,83.90548470121078,-179.32123749913495,83.90548547014696,-179.32123331763177,83.90548547014696,-179.32122495462548,83.90548470121078,-179.3212207731223,83.90548393227452,-179.32122495462548,83.90548393227452,-179.32123331763177
84.60821787945922,179.62408182373065,13,84.6082183424529,179.62407032117497,84.60821902300525,179.62407450267816,84.60821902300525,179.62408286568447,84.6082183424529,179.62408704718766,84.60821766190053,179.62408286568447,84.60821766190053,179.62407450267816
85.051099162384,88.67683410644531,13,85.05109881644849,88.67682813750201,85.05109944124563,88.67683231900517,85.05109944124563,88.67684068201152,85.05109881644849,88.67684486351467,85.05109819165126,88.67684068201152,85.05109819165126,88.67683231900517
-84.9901001802348,-79.453125,14,-84.99010031598158,-79.45312907805453,-84.99010010515534,-79.45312768422012,-84.99010010515534,-79.45312489655136,-84.99010031598158,-79.45312350271696,-84.99010052680781,-79.45312489655136,-84.99010052680781,-79.45312768422012
-85.14128398117636,118.125,14,-85.14128384950676,118.12499864972297,-85.14128364502712,118.12500004355736,-85.14128364502712,118.12500283122614,-85.14128384950676,118.12500422506052,-85.14128405398638,118.12500283122614,-85.14128405398638,118.12500004355736
-85.08136441846642,118.828125,14,-85.08136459879998,118.82812258801313,-85.0813643918048,118.82812398184754,-85.0813643918048,118.82812676951629,-85.08136459879998,118.8281281633507,-85.08136480579516,118.82812676951629,-85.08136480579516,118.82812398184754
-85.035941506574,121.11328125,14,-85.03594145592328,121.11328061433528,-85.03594124702127,121.11328200816969,-85.03594124702127,121.11328479583844,-85.03594145592328,121.11328618967285,-85.03594166482527,121.11328479583844,-85.03594166482527,121.11328200816969
-85.05112877980659,177.5390625,14,-85.05112880662227,177.5390613375639,-85.0511285983578,177.53906273139827,-85.0511285983578,177.53906551906707,-85.05112880662227,177.53906691290143,-85.05112901488674,177.53906551906707,-85.05112901488674,177.53906273139827
-85.035941506574,177.71484375,14,-85.03594145592328,177.71484336751226,-85.03594124702127,177.71484476134663,-85.03594124702127,177.7148475490154,-85.03594145592328,177.71484894284978,-85.03594166482527,177.7148475490154,-85.03594166482527,177.71484476134663
-85.0513657128222,-178.33969116210938,14,-85.05136559766956,-178.33969514193663,-85.05136538941504,-178.33969374810223,-85.05136538941504,-178.33969096043347,-85.05136559766956,-178.33968956659908,-85.05136580592408,-178.33969096043347,-85.05136580592408,-178.33969374810223
-85.05124724772884,-178.33969116210938,14,-85.05124730768841,-178.33969514193663,-85.05124709942892,-178.33969374810223,-85.05124709942892,-178.33969096043347,-85.05124730768841,-178.33968956659908,-85.05124751594789,-178.33969096043347,-85.05124751594789,-178.33969374810223
-85.05101030905541,-178.33969116210938,14,-85.05101030272562,-178.33969514193663,-85.05101009445616,-178.33969374810223,-85.05101009445616,-178.33969096043347,-85.05101030272562,-178.33968956659908,-85.05101051099506,-178.33969096043347,-85.05101051099506,-178.33969374810223
-78.34941069014627,178.154296875,14,-78.34941078146069,178.15429426088,-78.34941029393208,178.15429565471436,-78.34941029393208,178.15429844238315,-78.34941078146069,178.15429983621752,-78.34941126898926,178.15429844238315,-78.34941126898926,178.15429565471436
-78.09010081233451,-178.18242910156235,14,-78.09010038610904,-178.18243298949528,-78.09009988788438,-178.1824315956609,-78.09009988788438,-178.18242880799212,-78.09010038610904,-178.18242741415776,-78.09010088433368,-178.18242880799212,-78.09010088433368,-178.1824315956609
-78.4905516616031,-15.46875,14,-78.49055150369068,-15.468754519072403,-78.49055102198808,-15.468753125238015,-78.49055102198808,-15.468750337569242,-78.49055150369068,-15.468748943734855,-78.49055198539327,-15.468750337569242,-78.49055198539327,-15.468753125238015
-53.330872983017045,-97.03125,14,-53.330873904311716,-97.03125262432881,-53.33087246257309,-97.03125123049443,-53.33087246257309,-97.03124844282566,-53.330873904311716,-97.03124704899125,-53.33087534605029,-97.03124844282566,-53.33087534605029,-97.03125123049443
-49.925654392595526,58.59491464843764,14,-49.92565546027554,58.594911793630004,-49.92565390606445,58.594913187464385,-49.92565390606445,58.59491597513317,-49.92565546027554,58.59491736896755,-49.92565701448656,58.59491597513317,-49.92565701448656,58.594913187464385
-8.407168163601074,-2.8125,14,-8.407170118467867,-2.81250272233279,-8.407167730218669,-2.812501328498402,-8.407167730218669,-2.8124985408296266,-8.407170118467867,-2.812497146995239,-8.407172506717027,-2.8124985408296266,-8.407172506717027,-2.812501328498402
4.079240211993051,-1.170710351562363,14,4.079240169372639,-1.1707107726044912,4.07924257744855,-1.1707093787701037,4.07924257744855,-1.1707065911013288,4.079240169372639,-1.1707051972669411,4.0792377612967154,-1.1707065911013288,4.0792377612967154,-1.1707093787701037
-15.961329081596647,-159.609375,14,-15.961327113736004,-159.60937930673046,-15.961324792617095,-159.6093779128961,-15.961324792617095,-159.60937512522733,-15.961327113736004,-159.60937373139294,-15.961329434854889,-159.60937512522733,-15.961329434854889,-159.6093779128961
-10.621569004992997,173.90741464843762,14,-10.621567107054164,173.90741329635776,-10.621564734226865,173.90741469019213,-10.621564734226865,173.9074174778609,-10.621567107054164,173.90741887169528,-10.621569479881451,173.9074174778609,-10.621569479881451,173.90741469019213
-5.751376102926013,-173.43633535156232,14,-5.75137803894653,-173.43633908840582,-5.751375636907325,-173.43633769457142,-5.751375636907325,-173.4363349069027,-5.75137803894653,-173.4363335130683,-5.75138044098571,-173.4363349069027,-5.75138044098571,-173.43633769457142
5.48056406874262,-174.13946035156232,14,5.480563953528032,-174.1394630266961,5.480566356683904,-174.1394616328617,5.480566356683904,-174.13945884519293,5.480563953528032,-174.13945745135854,5.480561550372171,-174.13945884519293,5.480561550372171,-174.1394616328617
12.42172340890993,179.53241464843762,14,12.421722939346768,179.53241316568574,12.42172529702441,179.53241455952013,12.42172529702441,179.53241734718887,12.421722939346768,179.53241874102326,12.4217205816691,179.53241734718887,12.4217205816691,179.53241455952013
5.61598581915534,-58.359375,14,5.615985528497132,-58.359377477322845,5.615987931101318,-58.35937608348847,5.615987931101318,-58.35937329581968,5.615985528497132,-58.3593719019853,5.615983125892945,-58.35937329581968,5.615983125892945,-58.35937608348847
21.162545457735018,127.50116464843764,14,21.162545692441377,127.5011622836499,21.162547943820215,127.5011636774843,21.162547943820215,127.50116646515308,21.162545692441377,127.50116785898746,21.162543441062503,127.50116646515308,21.162543441062503,127.5011636774843
28.18452118500034,145.07928964843762,14,28.184519988899293,145.0792858299242,28.18452211684314,145.0792872237586,28.18452211684314,145.07929001142736,28.184519988899293,145.07929140526176,28.184517860955392,145.07929001142736,28.184517860955392,145.0792872237586
29.416781643647624,155.62616464843762,14,29.416780398005393,155.62616163029003,29.416782500935582,155.62616302412442,29.416782500935582,155.62616581179316,29.416780398005393,155.62616720562755,29.416778295075158,155.62616581179316,29.416778295075158,155.62616302412442
41.93183471670877,141.56366464843762,14,41.93183305535667,141.56366195696998,41.931834851371555,141.56366335080435,41.931834851371555,141.56366613847314,41.93183305535667,141.56366753230753,41.93183125934172,141.56366613847314,41.93183125934172,141.56366335080435
38.27268853598097,34.453125,14,38.272689687952074,34.4531203665896,38.27269158326586,34.45312176042399,38.27269158326586,34.45312454809277,38.272689687952074,34.45312594192715,38.272687792638244,34.45312454809277,38.272687792638244,34.45312176042399
28.18452118500034,-112.96758535156236,14,28.184519988899293,-112.967588402378,28.18452211684314,-112.96758700854359,28.18452211684314,-112.96758422087484,28.184519988899293,-112.96758282704043,28.184517860955392,-112.96758422087484,28.184517860955392,-112.96758700854359
44.49349282335009,-106.63946035156236,14,44.49349196120466,-106.63946459475973,44.49349368332032,-106.63946320092535,44.49349368332032,-106.63946041325657,44.49349196120466,-106.63945901942219,44.4934902390889,-106.63946041325657,44.4934902390889,-106.63946320092535
65.31006522139135,-84.84258535156236,14,65.31006441253322,-84.84258905573786,65.31006542095928,-84.84258766190347,65.31006542095928,-84.84258487423469,65.31006441253322,-84.8425834804003,65.31006340410715,-84.84258487423469,65.31006340410715,-84.84258766190347
77.28260220160595,24.844914648437637,14,77.28260266195558,24.844912577661855,77.28260319342164,24.844913971496243,77.28260319342164,24.84491675916502,77.28260266195558,24.84491815299941,77.28260213048955,24.84491675916502,77.28260213048955,24.844913971496243
74.01954331150228,123.046875,14,74.01954369731402,123.04687039925757,74.01954436196387,123.04687179309197,74.01954436196387,123.04687458076074,74.01954369731402,123.04687597459512,74.01954303266412,123.04687458076074,74.01954303266412,123.04687179309197
82.85338229176081,-37.96875,14,82.85338216634169,-37.96875399638452,82.85338246668852,-37.96875260255013,82.85338246668852,-37.968749814881356,82.85338216634169,-37.968748421046975,82.8533818659949,-37.968749814881356,82.8533818659949,-37.96875260255013
81.5182718765338,175.078125,14,81.51827215930582,175.07812128129345,81.51827251538462,175.07812267512782,81.51827251538462,175.07812546279658,81.51827215930582,175.07812685663097,81.51827180322695,175.07812546279658,81.51827180322695,175.07812267512782
81.30832090051811,-177.1875,14,81.30832083644431,-177.1875028530047,81.30832120127037,-177.18750145917033,81.30832120127037,-177.18749867150157,81.30832083644431,-177.18749727766718,81.30832047161817,-177.18749867150157,81.30832047161817,-177.18750145917033
84.11102985143594,-175.54571035156232,14,84.11102995385924,-175.5457150847797,84.11103020155787,-175.5457136909453,84.11103020155787,-175.54571090327653,84.11102995385924,-175.54570950944216,84.11102970616062,-175.54571090327653,84.11102970616062,-175.5457136909453
84.52840283662707,177.42303964843762,14,84.52840268072897,177.42303716931193,84.52840291092771,177.4230385631463,84.52840291092771,177.42304135081505,84.52840268072897,177.42304274464945,84.52840245053018,177.42304135081505,84.52840245053018,177.4230385631463
85.05012909407333,88.71932029724121,14,85.0501290364617,88.71931778497138,85.05012924476814,88.71931917880578,85.05012924476814,88.71932196647454,85.0501290364617,88.71932336030893,85.05012882815527,88.71932196647454,85.05012882815527,88.71931917880578
85.0511287798066,88.7024974822998,14,85.0511285983578,88.70249559774832,85.05112880662232,88.70249699158272,85.05112880662232,88.70249977925148,85.0511285983578,88.70250117308588,85.05112839009337,88.70249977925148,85.05112839009337,88.70249699158272
-85.05491835052943,-80.244140625,15,-85.05491832726936,-80.24414217287307,-85.0549182579009,-80.24414170826161,-85.0549182579009,-80.24414077903867,-85.05491832726936,-80.2441403144272,-85.05491839663782,-80.24414077903867,-85.05491839663782,-80.24414170826161
-85.05112877980659,-80.244140625,15,-85.05112880662227,-80.24414217287304,-85.05112873720078,-80.24414170826157,-85.05112873720078,-80.24414077903864,-85.05112880662227,-80.24414031442717,-85.05112887604376,-80.24414077903864,-85.05112887604376,-80.24414170826157
-85.04354094565655,-76.81640625,15,-85.0435409337982,-76.81640792105863,-85.04354086427053,-76.81640745644715,-85.04354086427053,-76.81640652722422,-85.0435409337982,-76.81640606261276,-85.04354100332587,-76.81640652722422,-85.04354100332587,-76.81640745644715
-84.92832092949963,113.203125,15,-84.92832089229395,113.20312457713096,-84.92832082115419,113.20312504174242,-84.92832082115419,113.20312597096537,-84.92832089229395,113.20312643557682,-84.9283209634337,113.20312597096537,-84.9283209634337,113.20312504174242
-85.05112877980659,178.70361328125,15,-85.05112880662227,178.70361182678695,-85.05112873720078,178.70361229139843,-85.05112873720078,178.70361322062135,-85.05112880662227,178.7036136852328,-85.05112887604376,178.70361322062135,-85.05112887604376,178.70361229139843
-85.05101030905541,178.6212158203125,15,-85.05101030272562,178.62121530696842,-85.05101023330246,178.62121577157987,-85.05101023330246,178.6212167008028,-85.05101030272562,178.62121716541427,-85.05101037214877,178.6212167008028,-85.05101037214877,178.62121577157987
-85.05112877980659,-179.47265625,15,-85.05112873720078,-179.4726576270467,-85.0511286677793,-179.47265716243518,-85.0511286677793,-179.4726562332123,-85.05112873720078,-179.4726557686008,-85.05112880662227,-179.4726562332123,-85.05112880662227,-179.47265716243518
-85.04923290826916,-179.49462890625,15,-85.04923289070342,-179.4946300323316,-85.04923282125539,-179.4946295677201,-85.04923282125539,-179.4946286384972,-85.04923289070342,-179.49462817388573,-85.04923296015144,-179.4946286384972,-85.04923296015144,-179.4946295677201
-78.63000556774834,-16.875,15,-78.63000548385058,-16.87500053720701,-78.6300053252028,-16.87500007259555,-78.6300053252028,-16.874999143372627,-78.63000548385058,-16.874998678761163,-78.63000564249836,-16.874999143372627,-78.63000564249836,-16.87500007259555
-76.9999351181161,178.59375,15,-76.99993502220802,178.59374840652782,-76.99993484118212,178.5937488711393,-76.99993484118212,178.5937498003622,-76.99993502220802,178.5937502649737,-76.99993520323392,178.5937498003622,-76.99993520323392,178.5937488711393
-77.69287033641926,-179.6484375,15,-77.69287042493718,-179.64843826316064,-77.69287025340726,-179.64843779854914,-77.69287025340726,-179.64843686932625,-77.69287042493718,-179.64843640471474,-77.6928705964671,-179.64843686932625,-77.6928705964671,-179.64843779854914
-48.224672649565186,61.171875,15,-48.22467301882353,61.17187369509514,-48.224672482702786,61.1718741597066,-48.224672482702786,61.17187508892953,-48.22467301882353,61.171875553540985,-48.22467355494426,61.17187508892953,-48.22467355494426,61.1718741597066
-47.75409797968002,-101.6015625,15,-47.75409810634945,-101.60156403085848,-47.75409756531786,-101.60156356624701,-47.75409756531786,-101.60156263702409,-47.75409810634945,-101.60156217241263,-47.75409864738102,-101.60156263702409,-47.75409864738102,-101.60156356624701
-24.5271348225978,-160.3125,15,-24.527135091152235,-160.3125013865748,-24.527134359036616,-160.31250092196333,-24.527134359036616,-160.3124999927404,-24.527135091152235,-160.31249952812894,-24.527135823267823,-160.3124999927404,-24.527135823267823,-160.31250092196333
-10.627811586244796,175.58411714782733,15,-10.627811533740404,175.5841156867674,-10.627810742814136,175.58411615137885,-10.627810742814136,175.58411708060177,-10.627811533740404,175.58411754521325,-10.627812324666671,175.58411708060177,-10.627812324666671,175.58411615137885
-8.895519360279467,-174.9236953521727,15,-8.895519993960725,-174.92369651105366,-8.895519198909419,-174.9236960464422,-8.895519198909419,-174.92369511721927,-8.895519993960725,-174.9236946526078,-8.895520789012059,-174.92369511721927,-8.895520789012059,-174.9236960464422
9.655313611088724,-177.7361953521727,15,9.655313810029227,-177.73619644571767,9.655314603360528,-177.7361959811062,9.655314603360528,-177.73619505188327,9.655313810029227,-177.73619458727183,9.655313016697914,-177.73619505188327,9.655313016697914,-177.7361959811062
13.453737213419247,177.1875,15,13.453736454342776,177.18749913611302,13.453737236990085,177.1874996007245,13.453737236990085,177.1875005299474,13.453736454342776,177.1875009945589,13.453735671695453,177.1875005299474,13.453735671695453,177.1874996007245
28.613459424004414,144.4921875,15,28.613458944989343,144.4921865244974,28.613459651438653,144.49218698910886,28.613459651438653,144.49218791833178,28.613458944989343,144.49218838294325,28.613458238540034,144.49218791833178,28.613458238540034,144.49218698910886
22.268764039073965,129.0234375,15,22.26876387196168,129.02343618692814,22.26876461667266,129.0234366515396,22.26876461667266,129.02343758076253,22.26876387196168,129.023438045374,22.26876312725068,129.02343758076253,22.26876312725068,129.0234366515396
30.401661513177608,155.41321871032733,15,30.401660908330737,155.4132176525129,30.40166160241013,155.4132181171244,30.40166160241013,155.41321904634728,30.401660908330737,155.41321951095875,30.40166021425134,155.41321904634728,30.40166021425134,155.4132181171244
42.77151327199906,142.75696871032733,15,42.771513349093496,142.75696864344206,42.77151393982016,142.75696910805354,42.77151393982016,142.7569700372765,42.771513349093496,142.75697050188793,42.77151275836679,142.7569700372765,42.77151275836679,142.75696910805354
-0.3515602939922709,-0.3515625,15,-0.35155967220222734,-0.3515635952852251,-0.351558867486716,-0.3515631306737625,-0.351558867486716,-0.35156220145083755,-0.35155967220222734,-0.35156173683937497,-0.3515604769177387,-0.35156220145083755,-0.3515604769177387,-0.3515631306737625
0.6485910937534255,-2.438343789672672,15,0.6485910111568886,-2.4383441424028556,0.6485918158359761,-2.438343677791393,0.6485918158359761,-2.438342748568468,0.6485910111568886,-2.438342283957005,0.6485902064777754,-2.438342748568468,0.6485902064777754,-2.438343677791393
1.4061088354351594,-59.4140625,15,1.406108762442142,-59.41406361706388,1.4061095669304853,-59.41406315245242,1.4061095669304853,-59.41406222322949,1.406108762442142,-59.41406175861803,1.4061079579538112,-59.41406222322949,1.4061079579538112,-59.41406315245242
27.010563124730247,-115.28990628967267,15,27.01056357503122,-115.28990698269446,27.01056429198412,-115.289906518083,27.01056429198412,-115.28990558886007,27.01056357503122,-115.28990512424859,27.01056285807832,-115.28990558886007,27.01056285807832,-115.289906518083
47.989921667414166,-108.6328125,15,47.98992137736064,-108.63281317060131,47.98992191593574,-108.63281270598985,47.98992191593574,-108.6328117767669,47.98992137736064,-108.63281131215544,47.98992083878553,-108.6328117767669,47.98992083878553,-108.63281270598985
44.33956524809713,32.6953125,15,44.33956527784662,32.69531168239272,44.33956585339824,32.69531214700419,44.33956585339824,32.69531307622711,44.33956527784662,32.695313540838576,44.339564702294965,32.69531307622711,44.339564702294965,32.69531214700419
65.07213008560697,-80.859375,15,65.07213005846185,-80.85937509618913,65.07213039763727,-80.85937463157765,65.07213039763727,-80.85937370235473,65.07213005846185,-80.85937323774326,65.07212971928641,-80.85937370235473,65.07212971928641,-80.85937463157765
73.82482034613932,116.71875,15,73.82482041043065,116.71874845008519,73.82482063460859,116.71874891469665,73.82482063460859,116.71874984391957,73.82482041043065,116.71875030853104,73.82482018625277,116.71874984391957,73.82482018625277,116.71874891469665
78.27820145542813,16.171875,15,78.27820151012907,16.171873346636538,78.278201673618,16.171873811248002,78.278201673618,16.171874740470923,78.27820151012907,16.17187520508239,78.2782013466401,16.171874740470923,78.2782013466401,16.171873811248002
83.40004205976699,-38.671875,15,83.40004212473188,-38.67187607622891,83.40004221722478,-38.67187561161745,83.40004221722478,-38.67187468239452,83.40004212473188,-38.671874217783056,83.40004203223903,-38.67187468239452,83.40004203223903,-38.67187561161745
82.30889251821553,176.1328125,15,82.30889241261167,176.13281113792615,82.30889252031069,176.13281160253763,82.30889252031069,176.13281253176052,82.30889241261167,176.132812996372,82.30889230491265,176.13281253176052,82.30889230491265,176.13281160253763
82.07002819448266,-177.890625,15,82.07002829250128,-177.89062632668353,82.07002840352406,-177.89062586207203,82.07002840352406,-177.89062493284914,82.07002829250128,-177.89062446823766,82.07002818147848,-177.89062493284914,82.07002818147848,-177.89062586207203
83.8992664793694,-177.8680312896727,15,83.89926648794052,-177.86803227126177,83.89926657346469,-177.86803180665027,83.89926657346469,-177.86803087742737,83.89926648794052,-177.8680304128159,83.89926640241629,-177.86803087742737,83.89926640241629,-177.86803180665027
84.50259500130507,-179.9774062896727,15,84.50259507567017,-179.97740687380113,84.50259515276392,-179.97740640918965,84.50259515276392,-179.97740547996676,84.50259507567017,-179.97740501535526,84.50259499857643,-179.97740547996676,84.50259499857643,-179.97740640918965
84.8609006021274,178.96790621032733,15,84.86090063565264,178.96790512801192,84.86090070773557,178.96790559262342,84.86090070773557,178.96790652184632,84.86090063565264,178.9679069864578,84.86090056356967,178.96790652184632,84.86090056356967,178.96790559262342
85.05112507763846,89.37952995300293,15,85.05112505786047,89.37952881474992,85.051125127282,89.37952927936139,85.051125127282,89.37953020858431,85.05112505786047,89.37953067319579,85.05112498843894,89.37953020858431,85.05112498843894,89.37952927936139
